2027-01-01_00:00:00;107499.0002
2027-01-01_01:00:00;101373.0384
2027-01-01_02:00:00;98168.7171
2027-01-01_03:00:00;97857.5344
2027-01-01_04:00:00;94573.1356
2027-01-01_05:00:00;95423.2152
2027-01-01_06:00:00;95335.6938
2027-01-01_07:00:00;96601.4915
2027-01-01_08:00:00;96842.1192
2027-01-01_09:00:00;96428.8706
2027-01-01_10:00:00;101221.4738
2027-01-01_11:00:00;105849.4407
2027-01-01_12:00:00;107585.1428
2027-01-01_13:00:00;105493.6731
2027-01-01_14:00:00;104278.6094
2027-01-01_15:00:00;102456.4148
2027-01-01_16:00:00;106403.1032
2027-01-01_17:00:00;114158.9951
2027-01-01_18:00:00;113466.0022
2027-01-01_19:00:00;111627.2551
2027-01-01_20:00:00;111051.7328
2027-01-01_21:00:00;107165.0337
2027-01-01_22:00:00;105940.4573
2027-01-01_23:00:00;102555.0937
2027-01-02_00:00:00;97055.3111
2027-01-02_01:00:00;94063.1844
2027-01-02_02:00:00;93393.7265
2027-01-02_03:00:00;90991.1091
2027-01-02_04:00:00;93611.2320
2027-01-02_05:00:00;99318.6087
2027-01-02_06:00:00;104198.5446
2027-01-02_07:00:00;112713.0555
2027-01-02_08:00:00;117713.1788
2027-01-02_09:00:00;124456.4950
2027-01-02_10:00:00;129492.3218
2027-01-02_11:00:00;132739.1092
2027-01-02_12:00:00;133922.2625
2027-01-02_13:00:00;132616.1778
2027-01-02_14:00:00;130172.4323
2027-01-02_15:00:00;129585.8499
2027-01-02_16:00:00;133443.3170
2027-01-02_17:00:00;140344.0180
2027-01-02_18:00:00;142469.6755
2027-01-02_19:00:00;139702.6946
2027-01-02_20:00:00;132788.9331
2027-01-02_21:00:00;126259.0309
2027-01-02_22:00:00;122376.4846
2027-01-02_23:00:00;115555.0037
2027-01-03_00:00:00;111187.5689
2027-01-03_01:00:00;107331.1865
2027-01-03_02:00:00;104664.2516
2027-01-03_03:00:00;104322.9318
2027-01-03_04:00:00;104469.5723
2027-01-03_05:00:00;106934.5160
2027-01-03_06:00:00;110672.0881
2027-01-03_07:00:00;112523.8732
2027-01-03_08:00:00;116527.4058
2027-01-03_09:00:00;121854.1186
2027-01-03_10:00:00;126956.4784
2027-01-03_11:00:00;128903.2337
2027-01-03_12:00:00;128557.9124
2027-01-03_13:00:00;126911.4265
2027-01-03_14:00:00;125499.1785
2027-01-03_15:00:00;121885.1828
2027-01-03_16:00:00;128302.3274
2027-01-03_17:00:00;138460.0470
2027-01-03_18:00:00;137676.8105
2027-01-03_19:00:00;139258.5035
2027-01-03_20:00:00;136894.8223
2027-01-03_21:00:00;131531.1869
2027-01-03_22:00:00;127219.6919
2027-01-03_23:00:00;124193.2703
2027-01-04_00:00:00;114368.5512
2027-01-04_01:00:00;109454.3455
2027-01-04_02:00:00;105657.5954
2027-01-04_03:00:00;103079.7294
2027-01-04_04:00:00;109512.5835
2027-01-04_05:00:00;120413.1182
2027-01-04_06:00:00;136678.7624
2027-01-04_07:00:00;152183.8053
2027-01-04_08:00:00;160628.0848
2027-01-04_09:00:00;162305.7350
2027-01-04_10:00:00;163650.7305
2027-01-04_11:00:00;163101.3986
2027-01-04_12:00:00;162195.1213
2027-01-04_13:00:00;161776.3867
2027-01-04_14:00:00;159247.5060
2027-01-04_15:00:00;157553.2045
2027-01-04_16:00:00;158734.2059
2027-01-04_17:00:00;165089.9722
2027-01-04_18:00:00;165436.2184
2027-01-04_19:00:00;161373.6915
2027-01-04_20:00:00;155350.4618
2027-01-04_21:00:00;149005.3861
2027-01-04_22:00:00;141693.1433
2027-01-04_23:00:00;130353.1625
2027-01-05_00:00:00;120373.2034
2027-01-05_01:00:00;116555.8310
2027-01-05_02:00:00;110938.3391
2027-01-05_03:00:00;110653.7118
2027-01-05_04:00:00;112638.3273
2027-01-05_05:00:00;124177.8791
2027-01-05_06:00:00;141092.0467
2027-01-05_07:00:00;151190.9545
2027-01-05_08:00:00;157096.5178
2027-01-05_09:00:00;157342.1824
2027-01-05_10:00:00;160142.2290
2027-01-05_11:00:00;160631.3239
2027-01-05_12:00:00;159510.4910
2027-01-05_13:00:00;157752.7165
2027-01-05_14:00:00;156671.0485
2027-01-05_15:00:00;156571.9310
2027-01-05_16:00:00;158672.4158
2027-01-05_17:00:00;163922.6336
2027-01-05_18:00:00;164086.5683
2027-01-05_19:00:00;160917.7455
2027-01-05_20:00:00;152522.0920
2027-01-05_21:00:00;144942.3449
2027-01-05_22:00:00;138046.0610
2027-01-05_23:00:00;131175.9661
2027-01-06_00:00:00;123789.3972
2027-01-06_01:00:00;118918.1733
2027-01-06_02:00:00;113479.8605
2027-01-06_03:00:00;109268.0682
2027-01-06_04:00:00;112567.1984
2027-01-06_05:00:00;120577.8898
2027-01-06_06:00:00;138636.0091
2027-01-06_07:00:00;145667.4705
2027-01-06_08:00:00;150371.0120
2027-01-06_09:00:00;152643.8453
2027-01-06_10:00:00;155660.8842
2027-01-06_11:00:00;158217.0089
2027-01-06_12:00:00;157733.0424
2027-01-06_13:00:00;154786.5736
2027-01-06_14:00:00;152045.9771
2027-01-06_15:00:00;151409.0376
2027-01-06_16:00:00;153789.4829
2027-01-06_17:00:00;160673.3802
2027-01-06_18:00:00;165011.4144
2027-01-06_19:00:00;160296.1473
2027-01-06_20:00:00;152043.3910
2027-01-06_21:00:00;146224.5151
2027-01-06_22:00:00;141591.1730
2027-01-06_23:00:00;133316.9112
2027-01-07_00:00:00;122104.6183
2027-01-07_01:00:00;115950.8020
2027-01-07_02:00:00;111832.4585
2027-01-07_03:00:00;106967.2128
2027-01-07_04:00:00;109982.9081
2027-01-07_05:00:00;120359.0634
2027-01-07_06:00:00;146857.0522
2027-01-07_07:00:00;156699.1024
2027-01-07_08:00:00;162973.5291
2027-01-07_09:00:00;162795.3973
2027-01-07_10:00:00;162648.3405
2027-01-07_11:00:00;166518.8724
2027-01-07_12:00:00;167345.3360
2027-01-07_13:00:00;165445.5952
2027-01-07_14:00:00;162049.7839
2027-01-07_15:00:00;161565.3720
2027-01-07_16:00:00;163912.7191
2027-01-07_17:00:00;171282.6161
2027-01-07_18:00:00;175578.4660
2027-01-07_19:00:00;170422.0012
2027-01-07_20:00:00;165971.6668
2027-01-07_21:00:00;156754.5930
2027-01-07_22:00:00;147769.6791
2027-01-07_23:00:00;136529.9099
2027-01-08_00:00:00;132092.6478
2027-01-08_01:00:00;130790.5740
2027-01-08_02:00:00;125034.4030
2027-01-08_03:00:00;123621.5432
2027-01-08_04:00:00;125591.2621
2027-01-08_05:00:00;136604.2415
2027-01-08_06:00:00;159032.9812
2027-01-08_07:00:00;173203.5011
2027-01-08_08:00:00;176210.4711
2027-01-08_09:00:00;176798.8235
2027-01-08_10:00:00;176874.1751
2027-01-08_11:00:00;176518.3850
2027-01-08_12:00:00;175278.6401
2027-01-08_13:00:00;172723.0849
2027-01-08_14:00:00;167198.3374
2027-01-08_15:00:00;163157.9539
2027-01-08_16:00:00;164077.6889
2027-01-08_17:00:00;166536.4930
2027-01-08_18:00:00;168781.6205
2027-01-08_19:00:00;163010.5278
2027-01-08_20:00:00;154906.5702
2027-01-08_21:00:00;147183.2547
2027-01-08_22:00:00;141437.1787
2027-01-08_23:00:00;131003.8462
2027-01-09_00:00:00;124003.6613
2027-01-09_01:00:00;119029.5945
2027-01-09_02:00:00;116042.3815
2027-01-09_03:00:00;111699.8639
2027-01-09_04:00:00;108627.0155
2027-01-09_05:00:00;113305.3931
2027-01-09_06:00:00;121324.1931
2027-01-09_07:00:00;125056.5113
2027-01-09_08:00:00;134308.7808
2027-01-09_09:00:00;139987.3721
2027-01-09_10:00:00;143908.3310
2027-01-09_11:00:00;143980.4022
2027-01-09_12:00:00;143642.8924
2027-01-09_13:00:00;137369.2447
2027-01-09_14:00:00;133402.7695
2027-01-09_15:00:00;133857.6094
2027-01-09_16:00:00;137660.2757
2027-01-09_17:00:00;146097.6931
2027-01-09_18:00:00;148650.2031
2027-01-09_19:00:00;144317.8887
2027-01-09_20:00:00;138150.0384
2027-01-09_21:00:00;129524.8629
2027-01-09_22:00:00;125901.4409
2027-01-09_23:00:00;119120.4305
2027-01-10_00:00:00;109894.0404
2027-01-10_01:00:00;108299.2576
2027-01-10_02:00:00;105906.2571
2027-01-10_03:00:00;102413.9177
2027-01-10_04:00:00;101688.5670
2027-01-10_05:00:00;103445.1247
2027-01-10_06:00:00;106981.6901
2027-01-10_07:00:00;112336.6768
2027-01-10_08:00:00;121131.1178
2027-01-10_09:00:00;130094.9760
2027-01-10_10:00:00;133763.2958
2027-01-10_11:00:00;135327.8345
2027-01-10_12:00:00;133786.7814
2027-01-10_13:00:00;131223.6047
2027-01-10_14:00:00;127553.9624
2027-01-10_15:00:00;125667.3770
2027-01-10_16:00:00;127190.1974
2027-01-10_17:00:00;135668.0397
2027-01-10_18:00:00;138749.0558
2027-01-10_19:00:00;136931.7388
2027-01-10_20:00:00;130677.2348
2027-01-10_21:00:00;124487.3832
2027-01-10_22:00:00;125168.9598
2027-01-10_23:00:00;117646.3492
2027-01-11_00:00:00;110101.2974
2027-01-11_01:00:00;106438.0119
2027-01-11_02:00:00;101587.8985
2027-01-11_03:00:00;102685.8733
2027-01-11_04:00:00;105374.3072
2027-01-11_05:00:00;118883.0903
2027-01-11_06:00:00;140001.9012
2027-01-11_07:00:00;154131.0862
2027-01-11_08:00:00;160569.0085
2027-01-11_09:00:00;169124.6828
2027-01-11_10:00:00;173231.5200
2027-01-11_11:00:00;168022.8268
2027-01-11_12:00:00;161618.5142
2027-01-11_13:00:00;160734.7497
2027-01-11_14:00:00;159038.0537
2027-01-11_15:00:00;159093.0723
2027-01-11_16:00:00;162204.4427
2027-01-11_17:00:00;170079.4353
2027-01-11_18:00:00;170458.0460
2027-01-11_19:00:00;166001.0252
2027-01-11_20:00:00;159449.1718
2027-01-11_21:00:00;148864.6219
2027-01-11_22:00:00;143122.8346
2027-01-11_23:00:00;129042.8698
2027-01-12_00:00:00;121702.6211
2027-01-12_01:00:00;116189.6568
2027-01-12_02:00:00;114693.3751
2027-01-12_03:00:00;114284.8400
2027-01-12_04:00:00;116217.9697
2027-01-12_05:00:00;125916.5120
2027-01-12_06:00:00;146457.2963
2027-01-12_07:00:00;166075.2353
2027-01-12_08:00:00;172314.2586
2027-01-12_09:00:00;171846.1365
2027-01-12_10:00:00;171723.9619
2027-01-12_11:00:00;172775.4626
2027-01-12_12:00:00;170389.2664
2027-01-12_13:00:00;168491.2434
2027-01-12_14:00:00;168134.7590
2027-01-12_15:00:00;165186.3087
2027-01-12_16:00:00;167835.0752
2027-01-12_17:00:00;177279.0622
2027-01-12_18:00:00;177436.9093
2027-01-12_19:00:00;172883.8957
2027-01-12_20:00:00;163625.5419
2027-01-12_21:00:00;154269.4103
2027-01-12_22:00:00;144770.8491
2027-01-12_23:00:00;135891.1617
2027-01-13_00:00:00;128022.4897
2027-01-13_01:00:00;125509.9858
2027-01-13_02:00:00;125445.4278
2027-01-13_03:00:00;124528.4024
2027-01-13_04:00:00;128579.5371
2027-01-13_05:00:00;137045.1295
2027-01-13_06:00:00;156845.3240
2027-01-13_07:00:00;171694.5743
2027-01-13_08:00:00;177831.4498
2027-01-13_09:00:00;177384.3334
2027-01-13_10:00:00;176275.2558
2027-01-13_11:00:00;177938.8106
2027-01-13_12:00:00;176112.8301
2027-01-13_13:00:00;175208.4858
2027-01-13_14:00:00;173542.4879
2027-01-13_15:00:00;173144.9616
2027-01-13_16:00:00;173525.1788
2027-01-13_17:00:00;179121.4394
2027-01-13_18:00:00;176773.3175
2027-01-13_19:00:00;171389.9408
2027-01-13_20:00:00;162605.1410
2027-01-13_21:00:00;151964.3024
2027-01-13_22:00:00;140879.6625
2027-01-13_23:00:00;130641.3382
2027-01-14_00:00:00;127374.8626
2027-01-14_01:00:00;123215.6521
2027-01-14_02:00:00;120810.9668
2027-01-14_03:00:00;118462.6531
2027-01-14_04:00:00;120809.8382
2027-01-14_05:00:00;131593.2754
2027-01-14_06:00:00;150043.9927
2027-01-14_07:00:00;165750.8581
2027-01-14_08:00:00;173476.5744
2027-01-14_09:00:00;171887.4062
2027-01-14_10:00:00;173030.6737
2027-01-14_11:00:00;172574.7391
2027-01-14_12:00:00;172154.1129
2027-01-14_13:00:00;172164.1544
2027-01-14_14:00:00;170411.2634
2027-01-14_15:00:00;168844.2356
2027-01-14_16:00:00;169804.3437
2027-01-14_17:00:00;176847.7330
2027-01-14_18:00:00;176511.9465
2027-01-14_19:00:00;172707.9592
2027-01-14_20:00:00;162502.4024
2027-01-14_21:00:00;154763.0568
2027-01-14_22:00:00;145091.3370
2027-01-14_23:00:00;137126.5272
2027-01-15_00:00:00;126456.3096
2027-01-15_01:00:00;124958.3272
2027-01-15_02:00:00;123600.6393
2027-01-15_03:00:00;123120.7020
2027-01-15_04:00:00;124686.7816
2027-01-15_05:00:00;131997.0315
2027-01-15_06:00:00;150842.7221
2027-01-15_07:00:00;168074.1404
2027-01-15_08:00:00;173661.0003
2027-01-15_09:00:00;175211.9543
2027-01-15_10:00:00;176034.4756
2027-01-15_11:00:00;173004.7647
2027-01-15_12:00:00;170216.9435
2027-01-15_13:00:00;167324.2773
2027-01-15_14:00:00;165242.0061
2027-01-15_15:00:00;162976.3624
2027-01-15_16:00:00;165162.4130
2027-01-15_17:00:00;170004.8666
2027-01-15_18:00:00;167377.0844
2027-01-15_19:00:00;161890.9186
2027-01-15_20:00:00;155544.0310
2027-01-15_21:00:00;147717.2906
2027-01-15_22:00:00;139875.0809
2027-01-15_23:00:00;128236.5035
2027-01-16_00:00:00;125807.1733
2027-01-16_01:00:00;121846.9177
2027-01-16_02:00:00;119963.7216
2027-01-16_03:00:00;115115.7595
2027-01-16_04:00:00;114097.0581
2027-01-16_05:00:00;118847.2261
2027-01-16_06:00:00;123780.7593
2027-01-16_07:00:00;127492.0433
2027-01-16_08:00:00;134872.2617
2027-01-16_09:00:00;143650.4569
2027-01-16_10:00:00;148503.2698
2027-01-16_11:00:00;149316.5310
2027-01-16_12:00:00;149260.3409
2027-01-16_13:00:00;145625.3654
2027-01-16_14:00:00;143072.3697
2027-01-16_15:00:00;143391.5297
2027-01-16_16:00:00;148120.1431
2027-01-16_17:00:00;154345.4871
2027-01-16_18:00:00;156325.9136
2027-01-16_19:00:00;151460.0484
2027-01-16_20:00:00;142832.0095
2027-01-16_21:00:00;138606.4918
2027-01-16_22:00:00;133317.7768
2027-01-16_23:00:00;125452.0581
2027-01-17_00:00:00;119073.8780
2027-01-17_01:00:00;115907.1782
2027-01-17_02:00:00;112868.1695
2027-01-17_03:00:00;110823.2631
2027-01-17_04:00:00;111842.8747
2027-01-17_05:00:00;114155.9861
2027-01-17_06:00:00;115883.8925
2027-01-17_07:00:00;119141.9703
2027-01-17_08:00:00;124925.9911
2027-01-17_09:00:00;131472.4303
2027-01-17_10:00:00;135469.5761
2027-01-17_11:00:00;138959.3377
2027-01-17_12:00:00;139969.9941
2027-01-17_13:00:00;135248.3126
2027-01-17_14:00:00;132565.3337
2027-01-17_15:00:00;132547.0371
2027-01-17_16:00:00;136255.7966
2027-01-17_17:00:00;146153.5367
2027-01-17_18:00:00;150910.5562
2027-01-17_19:00:00;146494.3371
2027-01-17_20:00:00;142575.3610
2027-01-17_21:00:00;137634.6121
2027-01-17_22:00:00;135653.5535
2027-01-17_23:00:00;129901.7006
2027-01-18_00:00:00;118426.2171
2027-01-18_01:00:00;114565.4133
2027-01-18_02:00:00;113081.4827
2027-01-18_03:00:00;114284.1304
2027-01-18_04:00:00;119008.5994
2027-01-18_05:00:00;131229.6726
2027-01-18_06:00:00;149569.7264
2027-01-18_07:00:00;166791.2896
2027-01-18_08:00:00;171326.2397
2027-01-18_09:00:00;171061.5482
2027-01-18_10:00:00;170840.5993
2027-01-18_11:00:00;171884.7984
2027-01-18_12:00:00;170333.9778
2027-01-18_13:00:00;168424.3144
2027-01-18_14:00:00;167558.3478
2027-01-18_15:00:00;167053.5308
2027-01-18_16:00:00;168097.1571
2027-01-18_17:00:00;177076.0033
2027-01-18_18:00:00;176810.6266
2027-01-18_19:00:00;172218.9822
2027-01-18_20:00:00;162959.5839
2027-01-18_21:00:00;155291.5851
2027-01-18_22:00:00;146317.4254
2027-01-18_23:00:00;137149.4601
2027-01-19_00:00:00;133564.6568
2027-01-19_01:00:00;133887.7448
2027-01-19_02:00:00;130513.4152
2027-01-19_03:00:00;130588.5834
2027-01-19_04:00:00;133925.4855
2027-01-19_05:00:00;137032.8809
2027-01-19_06:00:00;156119.9944
2027-01-19_07:00:00;173390.8438
2027-01-19_08:00:00;178507.7684
2027-01-19_09:00:00;178094.7305
2027-01-19_10:00:00;177446.2741
2027-01-19_11:00:00;176996.8305
2027-01-19_12:00:00;176335.9877
2027-01-19_13:00:00;175247.8701
2027-01-19_14:00:00;173664.4581
2027-01-19_15:00:00;173034.4457
2027-01-19_16:00:00;173699.0355
2027-01-19_17:00:00;180847.2642
2027-01-19_18:00:00;181358.8222
2027-01-19_19:00:00;176607.9953
2027-01-19_20:00:00;165931.7831
2027-01-19_21:00:00;156363.7078
2027-01-19_22:00:00;147303.8356
2027-01-19_23:00:00;136143.0494
2027-01-20_00:00:00;133064.4655
2027-01-20_01:00:00;131073.2755
2027-01-20_02:00:00;129853.8020
2027-01-20_03:00:00;129410.7198
2027-01-20_04:00:00;130667.4036
2027-01-20_05:00:00;136238.8584
2027-01-20_06:00:00;154742.0816
2027-01-20_07:00:00;172384.1184
2027-01-20_08:00:00;177158.0504
2027-01-20_09:00:00;176864.1338
2027-01-20_10:00:00;177965.2619
2027-01-20_11:00:00;178048.3345
2027-01-20_12:00:00;174027.8946
2027-01-20_13:00:00;173189.5564
2027-01-20_14:00:00;170497.2082
2027-01-20_15:00:00;168431.2186
2027-01-20_16:00:00;168772.3709
2027-01-20_17:00:00;177654.9277
2027-01-20_18:00:00;177464.6226
2027-01-20_19:00:00;171568.7838
2027-01-20_20:00:00;163810.7268
2027-01-20_21:00:00;153080.0653
2027-01-20_22:00:00;142560.7520
2027-01-20_23:00:00;132537.2337
2027-01-21_00:00:00;126896.5328
2027-01-21_01:00:00;123260.6737
2027-01-21_02:00:00;121229.3709
2027-01-21_03:00:00;121136.2570
2027-01-21_04:00:00;124484.7591
2027-01-21_05:00:00;133634.2429
2027-01-21_06:00:00;149993.0980
2027-01-21_07:00:00;164485.2174
2027-01-21_08:00:00;170100.9055
2027-01-21_09:00:00;170453.4790
2027-01-21_10:00:00;169964.9368
2027-01-21_11:00:00;169023.1214
2027-01-21_12:00:00;166687.1984
2027-01-21_13:00:00;165415.0726
2027-01-21_14:00:00;163849.5080
2027-01-21_15:00:00;163606.3407
2027-01-21_16:00:00;163907.3829
2027-01-21_17:00:00;172496.1200
2027-01-21_18:00:00;173146.1404
2027-01-21_19:00:00;167895.2120
2027-01-21_20:00:00;159639.5790
2027-01-21_21:00:00;152592.8533
2027-01-21_22:00:00;144264.4230
2027-01-21_23:00:00;135033.8898
2027-01-22_00:00:00;130126.2786
2027-01-22_01:00:00;126977.8608
2027-01-22_02:00:00;123820.1087
2027-01-22_03:00:00;123640.9311
2027-01-22_04:00:00;126888.7145
2027-01-22_05:00:00;137311.4207
2027-01-22_06:00:00;153809.6071
2027-01-22_07:00:00;169599.1204
2027-01-22_08:00:00;173912.9517
2027-01-22_09:00:00;176320.3369
2027-01-22_10:00:00;176917.7163
2027-01-22_11:00:00;175656.8185
2027-01-22_12:00:00;172832.4016
2027-01-22_13:00:00;168776.7926
2027-01-22_14:00:00;166370.2019
2027-01-22_15:00:00;165515.2831
2027-01-22_16:00:00;166904.1214
2027-01-22_17:00:00;175930.9769
2027-01-22_18:00:00;175302.4389
2027-01-22_19:00:00;170156.9983
2027-01-22_20:00:00;161440.6378
2027-01-22_21:00:00;152663.0116
2027-01-22_22:00:00;146002.4479
2027-01-22_23:00:00;137380.4324
2027-01-23_00:00:00;135963.4589
2027-01-23_01:00:00;129744.7892
2027-01-23_02:00:00;125308.9328
2027-01-23_03:00:00;124681.0195
2027-01-23_04:00:00;122071.2036
2027-01-23_05:00:00;124048.7195
2027-01-23_06:00:00;128765.7776
2027-01-23_07:00:00;135735.5568
2027-01-23_08:00:00;143741.7872
2027-01-23_09:00:00;150971.0321
2027-01-23_10:00:00;154614.6492
2027-01-23_11:00:00;154828.9757
2027-01-23_12:00:00;153119.9092
2027-01-23_13:00:00;149283.7936
2027-01-23_14:00:00;145876.8202
2027-01-23_15:00:00;145047.9860
2027-01-23_16:00:00;145332.0681
2027-01-23_17:00:00;150874.7338
2027-01-23_18:00:00;155265.6547
2027-01-23_19:00:00;149433.6234
2027-01-23_20:00:00;142140.8813
2027-01-23_21:00:00;135781.0404
2027-01-23_22:00:00;130040.2673
2027-01-23_23:00:00;125515.0718
2027-01-24_00:00:00;117976.7914
2027-01-24_01:00:00;114844.3351
2027-01-24_02:00:00;111969.1831
2027-01-24_03:00:00;108266.1952
2027-01-24_04:00:00;109492.9436
2027-01-24_05:00:00;113547.2926
2027-01-24_06:00:00;114669.7006
2027-01-24_07:00:00;113985.0297
2027-01-24_08:00:00;121230.9497
2027-01-24_09:00:00;127752.4382
2027-01-24_10:00:00;132634.7916
2027-01-24_11:00:00;137614.4526
2027-01-24_12:00:00;135985.3634
2027-01-24_13:00:00;131794.6051
2027-01-24_14:00:00;129773.4578
2027-01-24_15:00:00;128418.2289
2027-01-24_16:00:00;130684.2119
2027-01-24_17:00:00;140082.1521
2027-01-24_18:00:00;145746.1690
2027-01-24_19:00:00;142888.3315
2027-01-24_20:00:00;139763.4098
2027-01-24_21:00:00;131928.4136
2027-01-24_22:00:00;130041.7745
2027-01-24_23:00:00;122664.4008
2027-01-25_00:00:00;118807.8010
2027-01-25_01:00:00;115194.1730
2027-01-25_02:00:00;113536.6893
2027-01-25_03:00:00;113251.1480
2027-01-25_04:00:00;118003.5736
2027-01-25_05:00:00;127783.2312
2027-01-25_06:00:00;147145.2116
2027-01-25_07:00:00;161659.3098
2027-01-25_08:00:00;167436.1269
2027-01-25_09:00:00;167505.8378
2027-01-25_10:00:00;166761.1567
2027-01-25_11:00:00;167376.8357
2027-01-25_12:00:00;165139.6215
2027-01-25_13:00:00;163210.5817
2027-01-25_14:00:00;160171.2868
2027-01-25_15:00:00;157749.0303
2027-01-25_16:00:00;155823.8908
2027-01-25_17:00:00;166867.8409
2027-01-25_18:00:00;168797.3141
2027-01-25_19:00:00;165123.9029
2027-01-25_20:00:00;159553.8155
2027-01-25_21:00:00;154834.5217
2027-01-25_22:00:00;146792.0854
2027-01-25_23:00:00;136216.5129
2027-01-26_00:00:00;128729.0621
2027-01-26_01:00:00;127170.2150
2027-01-26_02:00:00;127003.0507
2027-01-26_03:00:00;126880.7984
2027-01-26_04:00:00;128260.7155
2027-01-26_05:00:00;136189.6796
2027-01-26_06:00:00;152629.3479
2027-01-26_07:00:00;165422.1513
2027-01-26_08:00:00;167150.4878
2027-01-26_09:00:00;167893.4224
2027-01-26_10:00:00;168205.5513
2027-01-26_11:00:00;168776.8741
2027-01-26_12:00:00;165695.1491
2027-01-26_13:00:00;164630.9755
2027-01-26_14:00:00;162352.0369
2027-01-26_15:00:00;160178.9575
2027-01-26_16:00:00;157072.7567
2027-01-26_17:00:00;169059.9381
2027-01-26_18:00:00;172776.2826
2027-01-26_19:00:00;169604.6504
2027-01-26_20:00:00;162832.4880
2027-01-26_21:00:00;154211.4753
2027-01-26_22:00:00;146354.4992
2027-01-26_23:00:00;137304.2552
2027-01-27_00:00:00;129459.1795
2027-01-27_01:00:00;123240.9640
2027-01-27_02:00:00;120490.8151
2027-01-27_03:00:00;120773.7627
2027-01-27_04:00:00;125368.8598
2027-01-27_05:00:00;134859.4414
2027-01-27_06:00:00;150788.2906
2027-01-27_07:00:00;164057.3216
2027-01-27_08:00:00;168982.5507
2027-01-27_09:00:00;169623.3777
2027-01-27_10:00:00;169977.9017
2027-01-27_11:00:00;169467.5741
2027-01-27_12:00:00;170659.1949
2027-01-27_13:00:00;169574.1598
2027-01-27_14:00:00;164829.6198
2027-01-27_15:00:00;164018.0708
2027-01-27_16:00:00;161401.8546
2027-01-27_17:00:00;168340.7326
2027-01-27_18:00:00;173684.9172
2027-01-27_19:00:00;168490.3189
2027-01-27_20:00:00;160691.7572
2027-01-27_21:00:00;151950.3469
2027-01-27_22:00:00;147031.9481
2027-01-27_23:00:00;139129.9395
2027-01-28_00:00:00;132166.8243
2027-01-28_01:00:00;128228.1663
2027-01-28_02:00:00;125238.9818
2027-01-28_03:00:00;122983.6369
2027-01-28_04:00:00;124868.6651
2027-01-28_05:00:00;134997.4620
2027-01-28_06:00:00;155748.2653
2027-01-28_07:00:00;168133.5911
2027-01-28_08:00:00;171901.7372
2027-01-28_09:00:00;171519.4086
2027-01-28_10:00:00;171964.6436
2027-01-28_11:00:00;169594.8976
2027-01-28_12:00:00;167394.0730
2027-01-28_13:00:00;166131.7040
2027-01-28_14:00:00;163994.5865
2027-01-28_15:00:00;161285.6973
2027-01-28_16:00:00;159143.2012
2027-01-28_17:00:00;162161.0245
2027-01-28_18:00:00;168548.3269
2027-01-28_19:00:00;163275.9489
2027-01-28_20:00:00;156764.2302
2027-01-28_21:00:00;148537.2050
2027-01-28_22:00:00;141472.1150
2027-01-28_23:00:00;131675.9175
2027-01-29_00:00:00;123769.4618
2027-01-29_01:00:00;121689.6809
2027-01-29_02:00:00;121696.3556
2027-01-29_03:00:00;120427.0386
2027-01-29_04:00:00;122839.6138
2027-01-29_05:00:00;132662.3527
2027-01-29_06:00:00;149278.3498
2027-01-29_07:00:00;161400.7151
2027-01-29_08:00:00;167355.8361
2027-01-29_09:00:00;168057.0246
2027-01-29_10:00:00;170110.0491
2027-01-29_11:00:00;171724.4446
2027-01-29_12:00:00;172697.7969
2027-01-29_13:00:00;169554.4428
2027-01-29_14:00:00;165823.1264
2027-01-29_15:00:00;162575.1066
2027-01-29_16:00:00;163238.7342
2027-01-29_17:00:00;170867.9117
2027-01-29_18:00:00;171055.0964
2027-01-29_19:00:00;164602.8762
2027-01-29_20:00:00;153936.2956
2027-01-29_21:00:00;147310.2556
2027-01-29_22:00:00;141603.5753
2027-01-29_23:00:00;132365.9809
2027-01-30_00:00:00;130547.6477
2027-01-30_01:00:00;122002.1449
2027-01-30_02:00:00;119738.5655
2027-01-30_03:00:00;119359.8379
2027-01-30_04:00:00;121112.5796
2027-01-30_05:00:00;123493.0464
2027-01-30_06:00:00;131059.5882
2027-01-30_07:00:00;139433.4211
2027-01-30_08:00:00;147725.4942
2027-01-30_09:00:00;154184.1903
2027-01-30_10:00:00;158601.2576
2027-01-30_11:00:00;160879.7426
2027-01-30_12:00:00;158921.4959
2027-01-30_13:00:00;154699.3239
2027-01-30_14:00:00;148475.9557
2027-01-30_15:00:00;147125.3641
2027-01-30_16:00:00;147314.8306
2027-01-30_17:00:00;149919.4971
2027-01-30_18:00:00;152221.6315
2027-01-30_19:00:00;149600.9351
2027-01-30_20:00:00;145020.9338
2027-01-30_21:00:00;139619.5849
2027-01-30_22:00:00;136408.8452
2027-01-30_23:00:00;129140.7045
2027-01-31_00:00:00;123196.5047
2027-01-31_01:00:00;117742.4899
2027-01-31_02:00:00;116007.0003
2027-01-31_03:00:00;116052.2302
2027-01-31_04:00:00;114725.8194
2027-01-31_05:00:00;115186.8626
2027-01-31_06:00:00;117499.8208
2027-01-31_07:00:00;121241.8667
2027-01-31_08:00:00;126716.3351
2027-01-31_09:00:00;134141.4928
2027-01-31_10:00:00;140237.9130
2027-01-31_11:00:00;144552.0893
2027-01-31_12:00:00;144736.7130
2027-01-31_13:00:00;138524.9720
2027-01-31_14:00:00;136978.2735
2027-01-31_15:00:00;132718.3407
2027-01-31_16:00:00;129647.7282
2027-01-31_17:00:00;133728.6298
2027-01-31_18:00:00;136499.4346
2027-01-31_19:00:00;133958.5257
2027-01-31_20:00:00;129141.0356
2027-01-31_21:00:00;125009.1323
2027-01-31_22:00:00;120971.6241
2027-01-31_23:00:00;117619.6134
2027-02-01_00:00:00;112919.4220
2027-02-01_01:00:00;110762.5274
2027-02-01_02:00:00;106730.9722
2027-02-01_03:00:00;105315.0166
2027-02-01_04:00:00;110015.9028
2027-02-01_05:00:00;117746.3452
2027-02-01_06:00:00;137175.6072
2027-02-01_07:00:00;151279.4004
2027-02-01_08:00:00;156917.5168
2027-02-01_09:00:00;159114.9886
2027-02-01_10:00:00;165741.4685
2027-02-01_11:00:00;171517.9857
2027-02-01_12:00:00;172252.2584
2027-02-01_13:00:00;170840.9629
2027-02-01_14:00:00;169998.5184
2027-02-01_15:00:00;167726.1852
2027-02-01_16:00:00;168524.4063
2027-02-01_17:00:00;174154.6015
2027-02-01_18:00:00;175053.4941
2027-02-01_19:00:00;170704.0435
2027-02-01_20:00:00;161133.3607
2027-02-01_21:00:00;155781.4017
2027-02-01_22:00:00;147964.9150
2027-02-01_23:00:00;136941.7847
2027-02-02_00:00:00;125847.3119
2027-02-02_01:00:00;122977.8980
2027-02-02_02:00:00;120119.0825
2027-02-02_03:00:00;120520.7465
2027-02-02_04:00:00;124840.1572
2027-02-02_05:00:00;134474.2911
2027-02-02_06:00:00;152720.7284
2027-02-02_07:00:00;162341.5143
2027-02-02_08:00:00;166462.6240
2027-02-02_09:00:00;166466.8952
2027-02-02_10:00:00;167857.4191
2027-02-02_11:00:00;168694.2234
2027-02-02_12:00:00;166522.8827
2027-02-02_13:00:00;164477.2602
2027-02-02_14:00:00;161694.2826
2027-02-02_15:00:00;161122.5221
2027-02-02_16:00:00;158788.0142
2027-02-02_17:00:00;165059.8914
2027-02-02_18:00:00;169739.1099
2027-02-02_19:00:00;166156.4651
2027-02-02_20:00:00;156055.5795
2027-02-02_21:00:00;153525.1852
2027-02-02_22:00:00;145894.5399
2027-02-02_23:00:00;135056.8725
2027-02-03_00:00:00;131112.7951
2027-02-03_01:00:00;127165.3837
2027-02-03_02:00:00;124058.1436
2027-02-03_03:00:00;121421.7689
2027-02-03_04:00:00;123964.5051
2027-02-03_05:00:00;136060.2372
2027-02-03_06:00:00;151007.9744
2027-02-03_07:00:00;160436.8188
2027-02-03_08:00:00;165034.7083
2027-02-03_09:00:00;164678.2162
2027-02-03_10:00:00;166952.4960
2027-02-03_11:00:00;167604.7410
2027-02-03_12:00:00;168488.5037
2027-02-03_13:00:00;167656.5930
2027-02-03_14:00:00;165910.0819
2027-02-03_15:00:00;162422.5568
2027-02-03_16:00:00;158114.2815
2027-02-03_17:00:00;164866.4444
2027-02-03_18:00:00;170291.4046
2027-02-03_19:00:00;166975.0883
2027-02-03_20:00:00;159482.2442
2027-02-03_21:00:00;153660.6591
2027-02-03_22:00:00;147291.1673
2027-02-03_23:00:00;137266.1281
2027-02-04_00:00:00;131985.9712
2027-02-04_01:00:00;129042.4053
2027-02-04_02:00:00;127606.5500
2027-02-04_03:00:00;127318.0975
2027-02-04_04:00:00;130813.3567
2027-02-04_05:00:00;141397.5501
2027-02-04_06:00:00;157253.8262
2027-02-04_07:00:00;171126.8761
2027-02-04_08:00:00;172235.4525
2027-02-04_09:00:00;173124.2981
2027-02-04_10:00:00;174597.1452
2027-02-04_11:00:00;175615.8700
2027-02-04_12:00:00;174359.7018
2027-02-04_13:00:00;172374.3917
2027-02-04_14:00:00;167338.1257
2027-02-04_15:00:00;163921.4089
2027-02-04_16:00:00;160219.6564
2027-02-04_17:00:00;166917.7312
2027-02-04_18:00:00;172105.5571
2027-02-04_19:00:00;169392.2566
2027-02-04_20:00:00;160212.8935
2027-02-04_21:00:00;150987.3897
2027-02-04_22:00:00;145794.2791
2027-02-04_23:00:00;136187.3701
2027-02-05_00:00:00;125915.0865
2027-02-05_01:00:00;119986.0667
2027-02-05_02:00:00;117686.6835
2027-02-05_03:00:00;115881.6715
2027-02-05_04:00:00;120022.3512
2027-02-05_05:00:00;128214.9447
2027-02-05_06:00:00;145760.6326
2027-02-05_07:00:00;158894.0573
2027-02-05_08:00:00;165577.9869
2027-02-05_09:00:00;167228.0466
2027-02-05_10:00:00;169183.9912
2027-02-05_11:00:00;169056.5105
2027-02-05_12:00:00;167051.0600
2027-02-05_13:00:00;164664.6826
2027-02-05_14:00:00;160610.6259
2027-02-05_15:00:00;157660.5930
2027-02-05_16:00:00;156177.2485
2027-02-05_17:00:00;159979.2180
2027-02-05_18:00:00;166308.4481
2027-02-05_19:00:00;161889.0663
2027-02-05_20:00:00;153162.7834
2027-02-05_21:00:00;143235.5651
2027-02-05_22:00:00;137751.5680
2027-02-05_23:00:00;129500.0355
2027-02-06_00:00:00;118303.7083
2027-02-06_01:00:00;115806.2323
2027-02-06_02:00:00;116165.2860
2027-02-06_03:00:00;114878.2136
2027-02-06_04:00:00;115323.5756
2027-02-06_05:00:00;119294.8604
2027-02-06_06:00:00;123766.2334
2027-02-06_07:00:00;126838.7681
2027-02-06_08:00:00;132857.4606
2027-02-06_09:00:00;138523.6779
2027-02-06_10:00:00;143863.8374
2027-02-06_11:00:00;142082.8682
2027-02-06_12:00:00;141872.5562
2027-02-06_13:00:00;139332.9144
2027-02-06_14:00:00;135730.9274
2027-02-06_15:00:00;133665.1657
2027-02-06_16:00:00;130127.3270
2027-02-06_17:00:00;134642.0486
2027-02-06_18:00:00;141408.5965
2027-02-06_19:00:00;140451.5767
2027-02-06_20:00:00;136348.0227
2027-02-06_21:00:00;131293.4736
2027-02-06_22:00:00;132802.0215
2027-02-06_23:00:00;125506.7818
2027-02-07_00:00:00;116911.1597
2027-02-07_01:00:00;112738.4489
2027-02-07_02:00:00;111608.2031
2027-02-07_03:00:00;111221.3000
2027-02-07_04:00:00;110619.7297
2027-02-07_05:00:00;111002.6365
2027-02-07_06:00:00;112266.0588
2027-02-07_07:00:00;115699.0471
2027-02-07_08:00:00;122030.9318
2027-02-07_09:00:00;129598.7445
2027-02-07_10:00:00;140567.5527
2027-02-07_11:00:00;142287.0995
2027-02-07_12:00:00;140832.6073
2027-02-07_13:00:00;134125.7570
2027-02-07_14:00:00;129834.1087
2027-02-07_15:00:00;127168.9691
2027-02-07_16:00:00;125234.8906
2027-02-07_17:00:00;136039.2980
2027-02-07_18:00:00;145470.8570
2027-02-07_19:00:00;143067.7214
2027-02-07_20:00:00;138538.1897
2027-02-07_21:00:00;137681.5266
2027-02-07_22:00:00;134715.0297
2027-02-07_23:00:00;126732.9179
2027-02-08_00:00:00;123552.3955
2027-02-08_01:00:00;119642.3942
2027-02-08_02:00:00;118514.3156
2027-02-08_03:00:00;117853.5357
2027-02-08_04:00:00;122565.1104
2027-02-08_05:00:00;131541.6185
2027-02-08_06:00:00;146377.5090
2027-02-08_07:00:00;157949.1142
2027-02-08_08:00:00;162311.4317
2027-02-08_09:00:00;165702.4041
2027-02-08_10:00:00;165889.3275
2027-02-08_11:00:00;166294.7642
2027-02-08_12:00:00;166018.7726
2027-02-08_13:00:00;163697.9021
2027-02-08_14:00:00;162649.5606
2027-02-08_15:00:00;159722.8257
2027-02-08_16:00:00;159073.8252
2027-02-08_17:00:00;163074.0524
2027-02-08_18:00:00;167582.6784
2027-02-08_19:00:00;166067.5508
2027-02-08_20:00:00;159498.6698
2027-02-08_21:00:00;152617.0909
2027-02-08_22:00:00;146307.6907
2027-02-08_23:00:00;137957.9829
2027-02-09_00:00:00;128184.0246
2027-02-09_01:00:00;124155.7821
2027-02-09_02:00:00;121832.7401
2027-02-09_03:00:00;122970.2385
2027-02-09_04:00:00;126781.8428
2027-02-09_05:00:00;136259.5823
2027-02-09_06:00:00;153460.2673
2027-02-09_07:00:00;161121.5349
2027-02-09_08:00:00;164277.3452
2027-02-09_09:00:00;166089.8539
2027-02-09_10:00:00;169714.6039
2027-02-09_11:00:00;169193.1672
2027-02-09_12:00:00;166334.2212
2027-02-09_13:00:00;162243.0942
2027-02-09_14:00:00;159218.7266
2027-02-09_15:00:00;159165.7222
2027-02-09_16:00:00;159012.0199
2027-02-09_17:00:00;165273.0925
2027-02-09_18:00:00;173360.8411
2027-02-09_19:00:00;169977.5028
2027-02-09_20:00:00;161420.0557
2027-02-09_21:00:00;156226.1272
2027-02-09_22:00:00;149685.9848
2027-02-09_23:00:00;141147.7405
2027-02-10_00:00:00;136757.4333
2027-02-10_01:00:00;131186.2729
2027-02-10_02:00:00;124806.6124
2027-02-10_03:00:00;122753.5815
2027-02-10_04:00:00;125225.9660
2027-02-10_05:00:00;135909.7896
2027-02-10_06:00:00;151100.6319
2027-02-10_07:00:00;164523.0178
2027-02-10_08:00:00;169861.1893
2027-02-10_09:00:00;172371.8583
2027-02-10_10:00:00;172819.8625
2027-02-10_11:00:00;176322.8615
2027-02-10_12:00:00;174828.0959
2027-02-10_13:00:00;172181.6453
2027-02-10_14:00:00;168346.7823
2027-02-10_15:00:00;166022.7113
2027-02-10_16:00:00;164842.7129
2027-02-10_17:00:00;170558.1786
2027-02-10_18:00:00;176553.0032
2027-02-10_19:00:00;171830.5500
2027-02-10_20:00:00;161615.7871
2027-02-10_21:00:00;154904.9243
2027-02-10_22:00:00;147549.3166
2027-02-10_23:00:00;137091.5924
2027-02-11_00:00:00;130297.5884
2027-02-11_01:00:00;127468.0573
2027-02-11_02:00:00;126812.2342
2027-02-11_03:00:00;125987.5809
2027-02-11_04:00:00;129993.3199
2027-02-11_05:00:00;139206.4335
2027-02-11_06:00:00;153910.2305
2027-02-11_07:00:00;168397.2025
2027-02-11_08:00:00;169644.1795
2027-02-11_09:00:00;168006.5692
2027-02-11_10:00:00;169081.2482
2027-02-11_11:00:00;175079.2725
2027-02-11_12:00:00;172757.9474
2027-02-11_13:00:00;170692.7556
2027-02-11_14:00:00;167054.4860
2027-02-11_15:00:00;163613.8069
2027-02-11_16:00:00;160532.4976
2027-02-11_17:00:00;161237.3504
2027-02-11_18:00:00;169648.9655
2027-02-11_19:00:00;166085.4294
2027-02-11_20:00:00;158406.9508
2027-02-11_21:00:00;147778.7619
2027-02-11_22:00:00;140364.5249
2027-02-11_23:00:00;134224.1782
2027-02-12_00:00:00;124363.6908
2027-02-12_01:00:00;120189.7200
2027-02-12_02:00:00;117805.7645
2027-02-12_03:00:00;115693.6474
2027-02-12_04:00:00;118090.7977
2027-02-12_05:00:00;127972.8806
2027-02-12_06:00:00;142724.3798
2027-02-12_07:00:00;156838.3002
2027-02-12_08:00:00;161500.2069
2027-02-12_09:00:00;165083.3865
2027-02-12_10:00:00;164868.1694
2027-02-12_11:00:00;164840.9675
2027-02-12_12:00:00;165691.7940
2027-02-12_13:00:00;161952.2943
2027-02-12_14:00:00;157134.9961
2027-02-12_15:00:00;151069.9876
2027-02-12_16:00:00;146043.3872
2027-02-12_17:00:00;151827.9711
2027-02-12_18:00:00;162117.2553
2027-02-12_19:00:00;157747.1005
2027-02-12_20:00:00;148581.3684
2027-02-12_21:00:00;141631.0355
2027-02-12_22:00:00;135331.2429
2027-02-12_23:00:00;129246.2484
2027-02-13_00:00:00;122722.0902
2027-02-13_01:00:00;116989.7780
2027-02-13_02:00:00;113511.4448
2027-02-13_03:00:00;110905.6505
2027-02-13_04:00:00;110535.9202
2027-02-13_05:00:00;114851.0464
2027-02-13_06:00:00;122008.7910
2027-02-13_07:00:00;128222.9441
2027-02-13_08:00:00;133733.0133
2027-02-13_09:00:00;141394.4239
2027-02-13_10:00:00;144064.7577
2027-02-13_11:00:00;144609.1204
2027-02-13_12:00:00;145163.6979
2027-02-13_13:00:00;138836.5682
2027-02-13_14:00:00;139258.6080
2027-02-13_15:00:00;136247.4960
2027-02-13_16:00:00;133579.4688
2027-02-13_17:00:00;139511.5779
2027-02-13_18:00:00;149667.9098
2027-02-13_19:00:00;146980.3178
2027-02-13_20:00:00;138170.7051
2027-02-13_21:00:00;132259.5170
2027-02-13_22:00:00;128060.1664
2027-02-13_23:00:00;122639.7174
2027-02-14_00:00:00;116765.4116
2027-02-14_01:00:00;110627.0647
2027-02-14_02:00:00;107967.1286
2027-02-14_03:00:00;104460.8911
2027-02-14_04:00:00;103345.8727
2027-02-14_05:00:00;106915.1704
2027-02-14_06:00:00;112072.4841
2027-02-14_07:00:00;115964.4600
2027-02-14_08:00:00;123937.2821
2027-02-14_09:00:00;131426.7599
2027-02-14_10:00:00;137225.0559
2027-02-14_11:00:00;139306.1180
2027-02-14_12:00:00;138188.8885
2027-02-14_13:00:00;135629.6575
2027-02-14_14:00:00;130114.0007
2027-02-14_15:00:00;130080.1532
2027-02-14_16:00:00;129296.5699
2027-02-14_17:00:00;133803.3461
2027-02-14_18:00:00;140545.6136
2027-02-14_19:00:00;139623.9087
2027-02-14_20:00:00;134575.7961
2027-02-14_21:00:00;129559.2622
2027-02-14_22:00:00;129072.9245
2027-02-14_23:00:00;122959.2922
2027-02-15_00:00:00;115071.6384
2027-02-15_01:00:00;112292.2923
2027-02-15_02:00:00;111318.1054
2027-02-15_03:00:00;110091.5728
2027-02-15_04:00:00;114258.2044
2027-02-15_05:00:00;125783.7417
2027-02-15_06:00:00;147230.3623
2027-02-15_07:00:00;159310.1497
2027-02-15_08:00:00;167790.8405
2027-02-15_09:00:00;168814.8585
2027-02-15_10:00:00;169817.7112
2027-02-15_11:00:00;170343.1742
2027-02-15_12:00:00;169584.3060
2027-02-15_13:00:00;166616.4851
2027-02-15_14:00:00;165658.3519
2027-02-15_15:00:00;162631.7717
2027-02-15_16:00:00;160068.8022
2027-02-15_17:00:00;162706.0913
2027-02-15_18:00:00;170730.8876
2027-02-15_19:00:00;165717.4646
2027-02-15_20:00:00;157639.1299
2027-02-15_21:00:00;146269.9928
2027-02-15_22:00:00;138878.8872
2027-02-15_23:00:00;131979.9630
2027-02-16_00:00:00;122850.3731
2027-02-16_01:00:00;121757.7266
2027-02-16_02:00:00;119656.6782
2027-02-16_03:00:00;116442.6428
2027-02-16_04:00:00;120659.4917
2027-02-16_05:00:00;130860.5255
2027-02-16_06:00:00;147038.8018
2027-02-16_07:00:00;161146.4776
2027-02-16_08:00:00;166422.1137
2027-02-16_09:00:00;170386.4046
2027-02-16_10:00:00;171039.2858
2027-02-16_11:00:00;170750.2235
2027-02-16_12:00:00;167729.1038
2027-02-16_13:00:00;165448.8421
2027-02-16_14:00:00;162073.4496
2027-02-16_15:00:00;159362.6155
2027-02-16_16:00:00;156333.5660
2027-02-16_17:00:00;158924.7153
2027-02-16_18:00:00;164519.0580
2027-02-16_19:00:00;163088.1303
2027-02-16_20:00:00;157241.4223
2027-02-16_21:00:00;152687.0022
2027-02-16_22:00:00;144878.5870
2027-02-16_23:00:00;133018.4244
2027-02-17_00:00:00;124307.4865
2027-02-17_01:00:00;121145.6968
2027-02-17_02:00:00;120579.9525
2027-02-17_03:00:00;121184.9889
2027-02-17_04:00:00;125219.6432
2027-02-17_05:00:00;133818.1046
2027-02-17_06:00:00;151453.2231
2027-02-17_07:00:00;164374.7210
2027-02-17_08:00:00;169495.9376
2027-02-17_09:00:00;168528.9119
2027-02-17_10:00:00;168443.0478
2027-02-17_11:00:00;170568.0548
2027-02-17_12:00:00;168923.3808
2027-02-17_13:00:00;167218.5169
2027-02-17_14:00:00;164692.0127
2027-02-17_15:00:00;162836.8933
2027-02-17_16:00:00;161234.2823
2027-02-17_17:00:00;166537.7976
2027-02-17_18:00:00;171186.1457
2027-02-17_19:00:00;165275.0603
2027-02-17_20:00:00;155118.2325
2027-02-17_21:00:00;145061.5739
2027-02-17_22:00:00;136258.3589
2027-02-17_23:00:00;124954.0982
2027-02-18_00:00:00;118670.9618
2027-02-18_01:00:00;117051.3814
2027-02-18_02:00:00;111547.2118
2027-02-18_03:00:00;112704.3038
2027-02-18_04:00:00;116668.1891
2027-02-18_05:00:00;126907.2373
2027-02-18_06:00:00;144363.9533
2027-02-18_07:00:00;156567.9609
2027-02-18_08:00:00;162325.7827
2027-02-18_09:00:00;163906.4887
2027-02-18_10:00:00;166164.1129
2027-02-18_11:00:00;166942.1239
2027-02-18_12:00:00;166789.4188
2027-02-18_13:00:00;165078.2957
2027-02-18_14:00:00;161826.5901
2027-02-18_15:00:00;158592.4131
2027-02-18_16:00:00;156566.6376
2027-02-18_17:00:00;161590.8214
2027-02-18_18:00:00;165638.7911
2027-02-18_19:00:00;162397.4270
2027-02-18_20:00:00;154297.9255
2027-02-18_21:00:00;144127.2739
2027-02-18_22:00:00;135586.2105
2027-02-18_23:00:00;124648.3115
2027-02-19_00:00:00;118412.2592
2027-02-19_01:00:00;116758.3736
2027-02-19_02:00:00;115293.9417
2027-02-19_03:00:00;115166.9439
2027-02-19_04:00:00;118130.7848
2027-02-19_05:00:00;125092.6533
2027-02-19_06:00:00;144438.9306
2027-02-19_07:00:00;158822.2063
2027-02-19_08:00:00;163657.6165
2027-02-19_09:00:00;166242.4256
2027-02-19_10:00:00;168176.8386
2027-02-19_11:00:00;169001.9131
2027-02-19_12:00:00;167156.1536
2027-02-19_13:00:00;164286.7048
2027-02-19_14:00:00;160858.3664
2027-02-19_15:00:00;156414.7917
2027-02-19_16:00:00;157123.1134
2027-02-19_17:00:00;160124.0250
2027-02-19_18:00:00;167992.0053
2027-02-19_19:00:00;162336.3921
2027-02-19_20:00:00;155071.9434
2027-02-19_21:00:00;148014.5051
2027-02-19_22:00:00;139656.1400
2027-02-19_23:00:00;131503.3751
2027-02-20_00:00:00;127453.5515
2027-02-20_01:00:00;122632.1689
2027-02-20_02:00:00;122555.6128
2027-02-20_03:00:00;123146.4115
2027-02-20_04:00:00;124443.1046
2027-02-20_05:00:00;127393.9486
2027-02-20_06:00:00;132703.3909
2027-02-20_07:00:00;136376.7034
2027-02-20_08:00:00;144717.8511
2027-02-20_09:00:00;152412.0293
2027-02-20_10:00:00;155649.9780
2027-02-20_11:00:00;155410.7440
2027-02-20_12:00:00;154208.7873
2027-02-20_13:00:00;150734.7761
2027-02-20_14:00:00;148584.1487
2027-02-20_15:00:00;146496.4923
2027-02-20_16:00:00;144057.7333
2027-02-20_17:00:00;146349.2811
2027-02-20_18:00:00;151707.0857
2027-02-20_19:00:00;148788.9638
2027-02-20_20:00:00;140634.4421
2027-02-20_21:00:00;135804.3878
2027-02-20_22:00:00;132319.8498
2027-02-20_23:00:00;125856.5491
2027-02-21_00:00:00;122585.0145
2027-02-21_01:00:00;116399.9724
2027-02-21_02:00:00;115349.0432
2027-02-21_03:00:00;114224.1341
2027-02-21_04:00:00;116199.2562
2027-02-21_05:00:00;118741.0426
2027-02-21_06:00:00;120140.7180
2027-02-21_07:00:00;121311.6991
2027-02-21_08:00:00;125966.4962
2027-02-21_09:00:00;133418.7408
2027-02-21_10:00:00;137343.6838
2027-02-21_11:00:00;140695.2289
2027-02-21_12:00:00;139330.3134
2027-02-21_13:00:00;135270.2213
2027-02-21_14:00:00;131903.4048
2027-02-21_15:00:00;128273.1623
2027-02-21_16:00:00;130932.1013
2027-02-21_17:00:00;141184.1845
2027-02-21_18:00:00;155141.6682
2027-02-21_19:00:00;154469.1008
2027-02-21_20:00:00;149239.9931
2027-02-21_21:00:00;143474.7987
2027-02-21_22:00:00;140985.3988
2027-02-21_23:00:00;131645.8546
2027-02-22_00:00:00;122832.6933
2027-02-22_01:00:00;120116.6003
2027-02-22_02:00:00;118419.6699
2027-02-22_03:00:00;119204.5623
2027-02-22_04:00:00;124494.1973
2027-02-22_05:00:00;133920.1586
2027-02-22_06:00:00;151818.2086
2027-02-22_07:00:00;164573.2947
2027-02-22_08:00:00;168743.8533
2027-02-22_09:00:00;167914.9742
2027-02-22_10:00:00;166844.9884
2027-02-22_11:00:00;171670.0431
2027-02-22_12:00:00;171403.8133
2027-02-22_13:00:00;169060.3357
2027-02-22_14:00:00;166964.7188
2027-02-22_15:00:00;161515.2753
2027-02-22_16:00:00;155889.9234
2027-02-22_17:00:00;157926.6004
2027-02-22_18:00:00;165853.1709
2027-02-22_19:00:00;164493.3949
2027-02-22_20:00:00;154058.0663
2027-02-22_21:00:00;145715.9257
2027-02-22_22:00:00;139055.2745
2027-02-22_23:00:00;126728.2053
2027-02-23_00:00:00;122076.8948
2027-02-23_01:00:00;118420.4912
2027-02-23_02:00:00;116644.6399
2027-02-23_03:00:00;114181.5538
2027-02-23_04:00:00;116229.9660
2027-02-23_05:00:00;128289.0883
2027-02-23_06:00:00;144736.3878
2027-02-23_07:00:00;155166.1760
2027-02-23_08:00:00;160952.5440
2027-02-23_09:00:00;161487.1241
2027-02-23_10:00:00;162905.0292
2027-02-23_11:00:00;164992.9179
2027-02-23_12:00:00;163440.0624
2027-02-23_13:00:00;162488.9070
2027-02-23_14:00:00;160506.9167
2027-02-23_15:00:00;158262.5972
2027-02-23_16:00:00;155476.4843
2027-02-23_17:00:00;157850.6429
2027-02-23_18:00:00;169695.8943
2027-02-23_19:00:00;168603.7816
2027-02-23_20:00:00;159475.3260
2027-02-23_21:00:00;152496.5955
2027-02-23_22:00:00;143690.0433
2027-02-23_23:00:00;134910.8232
2027-02-24_00:00:00;126496.4801
2027-02-24_01:00:00;124568.0851
2027-02-24_02:00:00;121956.6369
2027-02-24_03:00:00;122532.5139
2027-02-24_04:00:00;126532.7078
2027-02-24_05:00:00;134285.1202
2027-02-24_06:00:00;152123.6501
2027-02-24_07:00:00;164768.4108
2027-02-24_08:00:00;166943.1696
2027-02-24_09:00:00;166792.4081
2027-02-24_10:00:00;168716.5786
2027-02-24_11:00:00;171420.5014
2027-02-24_12:00:00;168578.0498
2027-02-24_13:00:00;163117.5046
2027-02-24_14:00:00;161794.5386
2027-02-24_15:00:00;158550.9796
2027-02-24_16:00:00;153067.2753
2027-02-24_17:00:00;152389.5552
2027-02-24_18:00:00;159199.6427
2027-02-24_19:00:00;157458.0075
2027-02-24_20:00:00;150265.9495
2027-02-24_21:00:00;142558.5248
2027-02-24_22:00:00;133784.3245
2027-02-24_23:00:00;123631.5731
2027-02-25_00:00:00;118944.8761
2027-02-25_01:00:00;116057.7807
2027-02-25_02:00:00;113567.7763
2027-02-25_03:00:00;111121.4557
2027-02-25_04:00:00;115304.3031
2027-02-25_05:00:00;126006.7657
2027-02-25_06:00:00;144016.1358
2027-02-25_07:00:00;157504.3118
2027-02-25_08:00:00;159759.0106
2027-02-25_09:00:00;163124.5950
2027-02-25_10:00:00;166020.5933
2027-02-25_11:00:00;167290.5526
2027-02-25_12:00:00;166742.6147
2027-02-25_13:00:00;166270.0740
2027-02-25_14:00:00;162455.7963
2027-02-25_15:00:00;157974.8286
2027-02-25_16:00:00;155032.4151
2027-02-25_17:00:00;156509.5317
2027-02-25_18:00:00;163831.5284
2027-02-25_19:00:00;162128.0563
2027-02-25_20:00:00;156187.2533
2027-02-25_21:00:00;149224.4675
2027-02-25_22:00:00;141505.0821
2027-02-25_23:00:00;132840.1897
2027-02-26_00:00:00;124668.6846
2027-02-26_01:00:00;120229.7403
2027-02-26_02:00:00;118735.2267
2027-02-26_03:00:00;116700.3687
2027-02-26_04:00:00;118111.0482
2027-02-26_05:00:00;129113.0512
2027-02-26_06:00:00;145292.2459
2027-02-26_07:00:00;153585.8135
2027-02-26_08:00:00;160412.9836
2027-02-26_09:00:00;165904.1008
2027-02-26_10:00:00;164489.7736
2027-02-26_11:00:00;164452.8615
2027-02-26_12:00:00;163186.4580
2027-02-26_13:00:00;159044.2229
2027-02-26_14:00:00;150328.0475
2027-02-26_15:00:00;145027.5310
2027-02-26_16:00:00;140118.5062
2027-02-26_17:00:00;141173.4683
2027-02-26_18:00:00;147953.4708
2027-02-26_19:00:00;147260.2730
2027-02-26_20:00:00;136639.4867
2027-02-26_21:00:00;132023.0324
2027-02-26_22:00:00;127466.3603
2027-02-26_23:00:00;121773.8517
2027-02-27_00:00:00;115598.9061
2027-02-27_01:00:00;110911.0258
2027-02-27_02:00:00;108287.2588
2027-02-27_03:00:00;105005.9792
2027-02-27_04:00:00;105702.1133
2027-02-27_05:00:00;108097.4793
2027-02-27_06:00:00;114318.2365
2027-02-27_07:00:00;117961.3284
2027-02-27_08:00:00;126996.3691
2027-02-27_09:00:00;136017.3651
2027-02-27_10:00:00;139597.9503
2027-02-27_11:00:00;140666.0719
2027-02-27_12:00:00;140430.4698
2027-02-27_13:00:00;136046.5831
2027-02-27_14:00:00;132216.3365
2027-02-27_15:00:00;127046.1223
2027-02-27_16:00:00;122830.1946
2027-02-27_17:00:00;126215.5871
2027-02-27_18:00:00;136492.4940
2027-02-27_19:00:00;137782.0300
2027-02-27_20:00:00;131182.3709
2027-02-27_21:00:00;126471.5881
2027-02-27_22:00:00;122676.3132
2027-02-27_23:00:00;116151.3495
2027-02-28_00:00:00;108564.3400
2027-02-28_01:00:00;103843.1230
2027-02-28_02:00:00;101757.8858
2027-02-28_03:00:00;100904.7822
2027-02-28_04:00:00;101681.4900
2027-02-28_05:00:00;104264.7360
2027-02-28_06:00:00;104910.6147
2027-02-28_07:00:00;106860.6825
2027-02-28_08:00:00;117629.0629
2027-02-28_09:00:00;123607.7691
2027-02-28_10:00:00;128527.0472
2027-02-28_11:00:00;134257.8358
2027-02-28_12:00:00;135066.1797
2027-02-28_13:00:00;128929.0543
2027-02-28_14:00:00;122370.3735
2027-02-28_15:00:00;117556.8265
2027-02-28_16:00:00;117878.0359
2027-02-28_17:00:00;123756.8441
2027-02-28_18:00:00;135160.2296
2027-02-28_19:00:00;137048.6258
2027-02-28_20:00:00;129838.7020
2027-02-28_21:00:00;124966.7779
2027-02-28_22:00:00;123508.1482
2027-02-28_23:00:00;118370.8792
2027-03-01_00:00:00;111191.5532
2027-03-01_01:00:00;109460.2367
2027-03-01_02:00:00;107631.5138
2027-03-01_03:00:00;107831.1171
2027-03-01_04:00:00;111164.5094
2027-03-01_05:00:00;124086.6701
2027-03-01_06:00:00;145173.8607
2027-03-01_07:00:00;157849.8476
2027-03-01_08:00:00;163501.5782
2027-03-01_09:00:00;163245.7514
2027-03-01_10:00:00;162891.2846
2027-03-01_11:00:00;161922.7742
2027-03-01_12:00:00;161810.3319
2027-03-01_13:00:00;160673.1693
2027-03-01_14:00:00;158135.1317
2027-03-01_15:00:00;156267.2039
2027-03-01_16:00:00;153827.0704
2027-03-01_17:00:00;153403.3137
2027-03-01_18:00:00;166779.2089
2027-03-01_19:00:00;163950.1004
2027-03-01_20:00:00;154135.2361
2027-03-01_21:00:00;143445.9619
2027-03-01_22:00:00;134764.7118
2027-03-01_23:00:00;124444.7161
2027-03-02_00:00:00;119577.4889
2027-03-02_01:00:00;116042.7615
2027-03-02_02:00:00;112046.8263
2027-03-02_03:00:00;109693.0964
2027-03-02_04:00:00;114088.6691
2027-03-02_05:00:00;123521.5779
2027-03-02_06:00:00;143038.9247
2027-03-02_07:00:00;154900.1622
2027-03-02_08:00:00;159772.3853
2027-03-02_09:00:00;161518.0813
2027-03-02_10:00:00;165521.1086
2027-03-02_11:00:00;169638.3324
2027-03-02_12:00:00;172322.9941
2027-03-02_13:00:00;171999.9675
2027-03-02_14:00:00;169200.8590
2027-03-02_15:00:00;165915.2089
2027-03-02_16:00:00;161729.3428
2027-03-02_17:00:00;161847.5614
2027-03-02_18:00:00;169707.8794
2027-03-02_19:00:00;168433.8487
2027-03-02_20:00:00;159261.1849
2027-03-02_21:00:00;152190.0023
2027-03-02_22:00:00;144433.0558
2027-03-02_23:00:00;138021.1574
2027-03-03_00:00:00;126374.7632
2027-03-03_01:00:00;126810.0160
2027-03-03_02:00:00;123683.4701
2027-03-03_03:00:00;121414.6274
2027-03-03_04:00:00;124258.9135
2027-03-03_05:00:00;132779.8863
2027-03-03_06:00:00;149447.9596
2027-03-03_07:00:00;159798.8682
2027-03-03_08:00:00;166567.2261
2027-03-03_09:00:00;165746.4965
2027-03-03_10:00:00;168030.2015
2027-03-03_11:00:00;168708.4785
2027-03-03_12:00:00;167254.7773
2027-03-03_13:00:00;163368.2565
2027-03-03_14:00:00;161650.7049
2027-03-03_15:00:00;159905.6056
2027-03-03_16:00:00;156049.7189
2027-03-03_17:00:00;157530.7943
2027-03-03_18:00:00;162212.5109
2027-03-03_19:00:00;161869.7836
2027-03-03_20:00:00;153460.7557
2027-03-03_21:00:00;145957.9471
2027-03-03_22:00:00;137291.1511
2027-03-03_23:00:00;125910.2246
2027-03-04_00:00:00;120499.3818
2027-03-04_01:00:00;114949.3118
2027-03-04_02:00:00;111314.0107
2027-03-04_03:00:00;109503.7691
2027-03-04_04:00:00;113470.3214
2027-03-04_05:00:00;125050.0324
2027-03-04_06:00:00;143330.5223
2027-03-04_07:00:00;156940.5349
2027-03-04_08:00:00;161782.2701
2027-03-04_09:00:00;163169.0246
2027-03-04_10:00:00;164560.2535
2027-03-04_11:00:00;165512.5812
2027-03-04_12:00:00;163219.1771
2027-03-04_13:00:00;160217.8142
2027-03-04_14:00:00;157955.7162
2027-03-04_15:00:00;154991.7783
2027-03-04_16:00:00;149861.5656
2027-03-04_17:00:00;153225.6402
2027-03-04_18:00:00;158787.5963
2027-03-04_19:00:00;159817.2734
2027-03-04_20:00:00;151904.2689
2027-03-04_21:00:00;142561.4507
2027-03-04_22:00:00;132753.5627
2027-03-04_23:00:00;122150.5809
2027-03-05_00:00:00;115862.9435
2027-03-05_01:00:00;110985.0784
2027-03-05_02:00:00;110722.1924
2027-03-05_03:00:00;108792.1400
2027-03-05_04:00:00;113375.7449
2027-03-05_05:00:00;125068.8313
2027-03-05_06:00:00;139335.1219
2027-03-05_07:00:00;149846.6783
2027-03-05_08:00:00;161180.3814
2027-03-05_09:00:00;163266.3704
2027-03-05_10:00:00;166931.9425
2027-03-05_11:00:00;168874.4106
2027-03-05_12:00:00;166532.4840
2027-03-05_13:00:00;163931.9320
2027-03-05_14:00:00;161096.6121
2027-03-05_15:00:00;159392.2377
2027-03-05_16:00:00;154768.7864
2027-03-05_17:00:00;156914.8500
2027-03-05_18:00:00;163629.7002
2027-03-05_19:00:00;161393.0073
2027-03-05_20:00:00;151157.5312
2027-03-05_21:00:00;140979.1484
2027-03-05_22:00:00;134960.1056
2027-03-05_23:00:00;125571.4512
2027-03-06_00:00:00;116840.9293
2027-03-06_01:00:00;114015.7052
2027-03-06_02:00:00;109329.9825
2027-03-06_03:00:00;107002.3382
2027-03-06_04:00:00;107211.0779
2027-03-06_05:00:00;110644.6844
2027-03-06_06:00:00;115788.6879
2027-03-06_07:00:00;121365.2218
2027-03-06_08:00:00;128071.6961
2027-03-06_09:00:00;132433.6221
2027-03-06_10:00:00;133949.5581
2027-03-06_11:00:00;134876.5523
2027-03-06_12:00:00;133669.9581
2027-03-06_13:00:00;130915.2212
2027-03-06_14:00:00;125905.1128
2027-03-06_15:00:00;123491.7402
2027-03-06_16:00:00;122660.5295
2027-03-06_17:00:00;125911.3245
2027-03-06_18:00:00;136195.6364
2027-03-06_19:00:00;136189.0167
2027-03-06_20:00:00;127258.7384
2027-03-06_21:00:00;117892.7194
2027-03-06_22:00:00;114325.5022
2027-03-06_23:00:00;108947.1529
2027-03-07_00:00:00;103957.3304
2027-03-07_01:00:00;99590.8059
2027-03-07_02:00:00;96463.0172
2027-03-07_03:00:00;95163.9271
2027-03-07_04:00:00;94839.1595
2027-03-07_05:00:00;97286.5036
2027-03-07_06:00:00;100282.1398
2027-03-07_07:00:00;100900.5686
2027-03-07_08:00:00;109202.3167
2027-03-07_09:00:00;116424.4398
2027-03-07_10:00:00;121530.1726
2027-03-07_11:00:00;124375.1684
2027-03-07_12:00:00;127000.3406
2027-03-07_13:00:00;121750.2733
2027-03-07_14:00:00;117197.1806
2027-03-07_15:00:00;113973.7048
2027-03-07_16:00:00;112528.7318
2027-03-07_17:00:00;119185.2490
2027-03-07_18:00:00;130789.2890
2027-03-07_19:00:00;135472.1340
2027-03-07_20:00:00;130584.7896
2027-03-07_21:00:00;123821.9080
2027-03-07_22:00:00;120752.5172
2027-03-07_23:00:00;115176.3635
2027-03-08_00:00:00;110491.4531
2027-03-08_01:00:00;106902.0121
2027-03-08_02:00:00;105588.5852
2027-03-08_03:00:00;105853.4437
2027-03-08_04:00:00;110428.8552
2027-03-08_05:00:00;120043.5233
2027-03-08_06:00:00;137577.4023
2027-03-08_07:00:00;148514.7811
2027-03-08_08:00:00;155384.3919
2027-03-08_09:00:00;156929.2729
2027-03-08_10:00:00;158163.7029
2027-03-08_11:00:00;159496.6380
2027-03-08_12:00:00;157830.2270
2027-03-08_13:00:00;156688.7537
2027-03-08_14:00:00;153480.6598
2027-03-08_15:00:00;148452.9689
2027-03-08_16:00:00;146375.0916
2027-03-08_17:00:00;147880.4088
2027-03-08_18:00:00;152708.2359
2027-03-08_19:00:00;154888.1062
2027-03-08_20:00:00;145505.4635
2027-03-08_21:00:00;138249.1053
2027-03-08_22:00:00;130897.2721
2027-03-08_23:00:00;121309.5176
2027-03-09_00:00:00;117017.8194
2027-03-09_01:00:00;114450.4827
2027-03-09_02:00:00;113446.2462
2027-03-09_03:00:00;112738.1029
2027-03-09_04:00:00;114699.7789
2027-03-09_05:00:00;126882.8283
2027-03-09_06:00:00;142678.4746
2027-03-09_07:00:00;158809.9844
2027-03-09_08:00:00;165401.7884
2027-03-09_09:00:00;167490.2474
2027-03-09_10:00:00;165804.7539
2027-03-09_11:00:00;166977.7975
2027-03-09_12:00:00;166716.6348
2027-03-09_13:00:00;160995.0763
2027-03-09_14:00:00;157948.4778
2027-03-09_15:00:00;154989.4772
2027-03-09_16:00:00;152557.9210
2027-03-09_17:00:00;152507.6105
2027-03-09_18:00:00;160750.5668
2027-03-09_19:00:00;161254.7691
2027-03-09_20:00:00;153146.8443
2027-03-09_21:00:00;144623.1968
2027-03-09_22:00:00;137570.4049
2027-03-09_23:00:00;129529.1679
2027-03-10_00:00:00;123390.2303
2027-03-10_01:00:00;119286.6903
2027-03-10_02:00:00;119566.2914
2027-03-10_03:00:00;114796.9955
2027-03-10_04:00:00;117010.5359
2027-03-10_05:00:00;127341.5513
2027-03-10_06:00:00;142727.8834
2027-03-10_07:00:00;155070.2747
2027-03-10_08:00:00;161956.0694
2027-03-10_09:00:00;164372.0452
2027-03-10_10:00:00;167594.0500
2027-03-10_11:00:00;168593.3491
2027-03-10_12:00:00;168066.4292
2027-03-10_13:00:00;166400.4576
2027-03-10_14:00:00;162550.0295
2027-03-10_15:00:00;158813.8865
2027-03-10_16:00:00;155306.7956
2027-03-10_17:00:00;154787.5880
2027-03-10_18:00:00;164561.5084
2027-03-10_19:00:00;165958.8197
2027-03-10_20:00:00;157379.6086
2027-03-10_21:00:00;150665.3451
2027-03-10_22:00:00;141909.3249
2027-03-10_23:00:00;130214.8447
2027-03-11_00:00:00;117674.2236
2027-03-11_01:00:00;114657.6985
2027-03-11_02:00:00;112496.8398
2027-03-11_03:00:00;112065.3362
2027-03-11_04:00:00;115527.6791
2027-03-11_05:00:00;124926.1891
2027-03-11_06:00:00;141311.5742
2027-03-11_07:00:00;153675.6295
2027-03-11_08:00:00;155987.6030
2027-03-11_09:00:00;156010.3006
2027-03-11_10:00:00;157755.7059
2027-03-11_11:00:00;158456.1726
2027-03-11_12:00:00;161069.8321
2027-03-11_13:00:00;158711.2900
2027-03-11_14:00:00;154547.9378
2027-03-11_15:00:00;149392.8042
2027-03-11_16:00:00;144099.5910
2027-03-11_17:00:00;144551.0875
2027-03-11_18:00:00;156068.9494
2027-03-11_19:00:00;158672.1401
2027-03-11_20:00:00;149603.6789
2027-03-11_21:00:00;141143.3082
2027-03-11_22:00:00;132802.3776
2027-03-11_23:00:00;120359.1181
2027-03-12_00:00:00;115924.0711
2027-03-12_01:00:00;111278.6893
2027-03-12_02:00:00;110603.5418
2027-03-12_03:00:00;111270.3712
2027-03-12_04:00:00;115411.1253
2027-03-12_05:00:00;125514.5160
2027-03-12_06:00:00;140026.9479
2027-03-12_07:00:00;152965.9446
2027-03-12_08:00:00;161602.2887
2027-03-12_09:00:00;161715.8035
2027-03-12_10:00:00;161990.1077
2027-03-12_11:00:00;162663.5413
2027-03-12_12:00:00;161878.4551
2027-03-12_13:00:00;159188.7693
2027-03-12_14:00:00;153858.5044
2027-03-12_15:00:00;148336.4551
2027-03-12_16:00:00;143957.1824
2027-03-12_17:00:00;148467.2588
2027-03-12_18:00:00;155396.0169
2027-03-12_19:00:00;157516.2154
2027-03-12_20:00:00;146357.8207
2027-03-12_21:00:00;137067.7571
2027-03-12_22:00:00;129427.8261
2027-03-12_23:00:00;120345.9895
2027-03-13_00:00:00;117188.3264
2027-03-13_01:00:00;112716.9878
2027-03-13_02:00:00;110022.9698
2027-03-13_03:00:00;110453.4851
2027-03-13_04:00:00;111360.0857
2027-03-13_05:00:00;113638.0739
2027-03-13_06:00:00;117049.4903
2027-03-13_07:00:00;121809.0270
2027-03-13_08:00:00;127006.7979
2027-03-13_09:00:00;135495.0914
2027-03-13_10:00:00;137811.7503
2027-03-13_11:00:00;141330.4906
2027-03-13_12:00:00;140401.7492
2027-03-13_13:00:00;133447.2339
2027-03-13_14:00:00;128463.0339
2027-03-13_15:00:00;123299.5627
2027-03-13_16:00:00;121965.4374
2027-03-13_17:00:00;122052.0858
2027-03-13_18:00:00;128029.5042
2027-03-13_19:00:00;132349.0644
2027-03-13_20:00:00;128541.6538
2027-03-13_21:00:00;123589.1368
2027-03-13_22:00:00;121341.4752
2027-03-13_23:00:00;113793.2751
2027-03-14_00:00:00;104081.4670
2027-03-14_01:00:00;101145.2699
2027-03-14_02:00:00;98102.1522
2027-03-14_03:00:00;95959.3345
2027-03-14_04:00:00;96771.0837
2027-03-14_05:00:00;97973.6387
2027-03-14_06:00:00;101077.0965
2027-03-14_07:00:00;103697.8318
2027-03-14_08:00:00;110853.6064
2027-03-14_09:00:00;115828.8762
2027-03-14_10:00:00;116924.6737
2027-03-14_11:00:00;119686.4189
2027-03-14_12:00:00;119333.4641
2027-03-14_13:00:00;115733.5064
2027-03-14_14:00:00;112862.5603
2027-03-14_15:00:00;109110.4608
2027-03-14_16:00:00;108398.3457
2027-03-14_17:00:00;116581.4998
2027-03-14_18:00:00;122268.7213
2027-03-14_19:00:00;128059.6461
2027-03-14_20:00:00;126652.3649
2027-03-14_21:00:00;121228.6030
2027-03-14_22:00:00;119932.7839
2027-03-14_23:00:00;112554.0914
2027-03-15_00:00:00;107136.0732
2027-03-15_01:00:00;105073.8026
2027-03-15_02:00:00;103629.0431
2027-03-15_03:00:00;103545.0390
2027-03-15_04:00:00;107052.7533
2027-03-15_05:00:00;116913.5411
2027-03-15_06:00:00;132239.6138
2027-03-15_07:00:00;145887.1672
2027-03-15_08:00:00;152661.6702
2027-03-15_09:00:00;154856.2880
2027-03-15_10:00:00;155600.4701
2027-03-15_11:00:00;156277.7855
2027-03-15_12:00:00;155503.0923
2027-03-15_13:00:00;156077.5633
2027-03-15_14:00:00;151614.6190
2027-03-15_15:00:00;145746.0109
2027-03-15_16:00:00;139196.9177
2027-03-15_17:00:00;139051.1120
2027-03-15_18:00:00;146950.1667
2027-03-15_19:00:00;152064.0934
2027-03-15_20:00:00;143452.7609
2027-03-15_21:00:00;133808.4450
2027-03-15_22:00:00;128145.1902
2027-03-15_23:00:00;117995.9870
2027-03-16_00:00:00;111428.0606
2027-03-16_01:00:00;109077.6130
2027-03-16_02:00:00;108168.7796
2027-03-16_03:00:00;108150.3549
2027-03-16_04:00:00;112830.0347
2027-03-16_05:00:00;123528.1801
2027-03-16_06:00:00;138927.8625
2027-03-16_07:00:00;151847.9761
2027-03-16_08:00:00;159429.3203
2027-03-16_09:00:00;159557.0301
2027-03-16_10:00:00;159762.6601
2027-03-16_11:00:00;161191.4238
2027-03-16_12:00:00;159533.5291
2027-03-16_13:00:00;157813.7406
2027-03-16_14:00:00;156046.1879
2027-03-16_15:00:00;154282.6134
2027-03-16_16:00:00;152675.7952
2027-03-16_17:00:00;152215.9177
2027-03-16_18:00:00;159764.4897
2027-03-16_19:00:00;162612.9224
2027-03-16_20:00:00;151754.0872
2027-03-16_21:00:00;143842.9463
2027-03-16_22:00:00;134427.5585
2027-03-16_23:00:00;124837.6778
2027-03-17_00:00:00;119155.3497
2027-03-17_01:00:00;117174.1831
2027-03-17_02:00:00;114217.1409
2027-03-17_03:00:00;114359.5065
2027-03-17_04:00:00;118880.8114
2027-03-17_05:00:00;129337.8020
2027-03-17_06:00:00;144117.7289
2027-03-17_07:00:00;156485.9166
2027-03-17_08:00:00;162293.4301
2027-03-17_09:00:00;163276.8705
2027-03-17_10:00:00;167837.6328
2027-03-17_11:00:00;170406.3853
2027-03-17_12:00:00;170451.2142
2027-03-17_13:00:00;167879.2334
2027-03-17_14:00:00;163138.9853
2027-03-17_15:00:00;158672.4112
2027-03-17_16:00:00;152607.9200
2027-03-17_17:00:00;153701.2367
2027-03-17_18:00:00;158741.0396
2027-03-17_19:00:00;161549.5173
2027-03-17_20:00:00;153233.6461
2027-03-17_21:00:00;144237.5953
2027-03-17_22:00:00;134677.2532
2027-03-17_23:00:00;126391.1295
2027-03-18_00:00:00;123394.7646
2027-03-18_01:00:00;118256.8630
2027-03-18_02:00:00;114211.0116
2027-03-18_03:00:00;114854.8128
2027-03-18_04:00:00;116910.5682
2027-03-18_05:00:00;125324.9050
2027-03-18_06:00:00;138744.8162
2027-03-18_07:00:00;149915.4528
2027-03-18_08:00:00;156917.4381
2027-03-18_09:00:00;158751.4501
2027-03-18_10:00:00;160716.1791
2027-03-18_11:00:00;160649.7599
2027-03-18_12:00:00;162097.5913
2027-03-18_13:00:00;161375.8557
2027-03-18_14:00:00;157423.3332
2027-03-18_15:00:00;149498.5915
2027-03-18_16:00:00;144482.4039
2027-03-18_17:00:00;141978.8473
2027-03-18_18:00:00;149178.0269
2027-03-18_19:00:00;153420.4359
2027-03-18_20:00:00;150266.5517
2027-03-18_21:00:00;142814.4618
2027-03-18_22:00:00;133787.2027
2027-03-18_23:00:00;122981.2078
2027-03-19_00:00:00;115879.8247
2027-03-19_01:00:00;112849.7729
2027-03-19_02:00:00;111715.7263
2027-03-19_03:00:00;113335.7118
2027-03-19_04:00:00;118610.6578
2027-03-19_05:00:00;127392.1184
2027-03-19_06:00:00;141928.4080
2027-03-19_07:00:00;152859.0021
2027-03-19_08:00:00;158716.6947
2027-03-19_09:00:00;159583.5576
2027-03-19_10:00:00;161433.5518
2027-03-19_11:00:00;163394.0219
2027-03-19_12:00:00;161865.0309
2027-03-19_13:00:00;159372.7737
2027-03-19_14:00:00;154576.7013
2027-03-19_15:00:00;150217.3236
2027-03-19_16:00:00;145437.0319
2027-03-19_17:00:00;143675.4312
2027-03-19_18:00:00;150492.9354
2027-03-19_19:00:00;153978.7376
2027-03-19_20:00:00;144266.3574
2027-03-19_21:00:00;135603.0157
2027-03-19_22:00:00;132061.4601
2027-03-19_23:00:00;122755.2642
2027-03-20_00:00:00;112636.5064
2027-03-20_01:00:00;108932.9526
2027-03-20_02:00:00;107444.2845
2027-03-20_03:00:00;108715.1352
2027-03-20_04:00:00;110137.5019
2027-03-20_05:00:00;111666.3071
2027-03-20_06:00:00;116043.0544
2027-03-20_07:00:00;126644.3256
2027-03-20_08:00:00;133932.2743
2027-03-20_09:00:00;136216.2549
2027-03-20_10:00:00;137756.2015
2027-03-20_11:00:00;141100.5103
2027-03-20_12:00:00;140143.0250
2027-03-20_13:00:00;136223.0015
2027-03-20_14:00:00;132612.2342
2027-03-20_15:00:00;128886.3336
2027-03-20_16:00:00;128248.4729
2027-03-20_17:00:00;131771.9021
2027-03-20_18:00:00;138687.9061
2027-03-20_19:00:00;143407.5679
2027-03-20_20:00:00;135536.9440
2027-03-20_21:00:00;130497.1932
2027-03-20_22:00:00;126710.8314
2027-03-20_23:00:00;118700.3815
2027-03-21_00:00:00;113346.5406
2027-03-21_01:00:00;111541.5237
2027-03-21_02:00:00;110545.4454
2027-03-21_03:00:00;110411.0444
2027-03-21_04:00:00;112707.6631
2027-03-21_05:00:00;114906.1642
2027-03-21_06:00:00;115734.6920
2027-03-21_07:00:00;118814.0196
2027-03-21_08:00:00;125226.8010
2027-03-21_09:00:00;128367.6352
2027-03-21_10:00:00;131936.0713
2027-03-21_11:00:00;134728.7723
2027-03-21_12:00:00;134369.2370
2027-03-21_13:00:00;129957.1151
2027-03-21_14:00:00;125757.0472
2027-03-21_15:00:00;122907.1819
2027-03-21_16:00:00;122615.1185
2027-03-21_17:00:00;123109.1020
2027-03-21_18:00:00;129949.2387
2027-03-21_19:00:00;135067.2168
2027-03-21_20:00:00;130583.7049
2027-03-21_21:00:00;125455.6659
2027-03-21_22:00:00;123058.5642
2027-03-21_23:00:00;114970.8652
2027-03-22_00:00:00;114030.1940
2027-03-22_01:00:00;111625.9281
2027-03-22_02:00:00;110500.9530
2027-03-22_03:00:00;111860.3448
2027-03-22_04:00:00;116490.8989
2027-03-22_05:00:00;125770.9011
2027-03-22_06:00:00;140074.7025
2027-03-22_07:00:00;151084.1952
2027-03-22_08:00:00;158843.6574
2027-03-22_09:00:00;161190.4978
2027-03-22_10:00:00;163115.4385
2027-03-22_11:00:00;165549.3278
2027-03-22_12:00:00;164929.9418
2027-03-22_13:00:00;164184.8852
2027-03-22_14:00:00;161250.4173
2027-03-22_15:00:00;158662.3823
2027-03-22_16:00:00;157020.2993
2027-03-22_17:00:00;157155.0893
2027-03-22_18:00:00;159656.4790
2027-03-22_19:00:00;161924.2461
2027-03-22_20:00:00;153102.9894
2027-03-22_21:00:00;144570.0536
2027-03-22_22:00:00;135093.6823
2027-03-22_23:00:00;125207.9533
2027-03-23_00:00:00;119474.6843
2027-03-23_01:00:00;116537.4321
2027-03-23_02:00:00;114563.5753
2027-03-23_03:00:00;116638.9511
2027-03-23_04:00:00;120231.0978
2027-03-23_05:00:00;126983.0090
2027-03-23_06:00:00;141686.7569
2027-03-23_07:00:00;153497.7141
2027-03-23_08:00:00;160567.2517
2027-03-23_09:00:00;161226.9983
2027-03-23_10:00:00;164797.0876
2027-03-23_11:00:00;166993.2989
2027-03-23_12:00:00;162365.2018
2027-03-23_13:00:00;161382.6671
2027-03-23_14:00:00;158909.9992
2027-03-23_15:00:00;156146.4972
2027-03-23_16:00:00;152098.8644
2027-03-23_17:00:00;150247.1784
2027-03-23_18:00:00;153095.4105
2027-03-23_19:00:00;156710.6351
2027-03-23_20:00:00;149824.8555
2027-03-23_21:00:00;141013.2241
2027-03-23_22:00:00;132242.1768
2027-03-23_23:00:00;121620.3259
2027-03-24_00:00:00;113295.0845
2027-03-24_01:00:00;109853.2859
2027-03-24_02:00:00;109158.3727
2027-03-24_03:00:00;108989.5500
2027-03-24_04:00:00;114306.6308
2027-03-24_05:00:00;123604.4962
2027-03-24_06:00:00;140273.7919
2027-03-24_07:00:00;151652.8137
2027-03-24_08:00:00;158382.6950
2027-03-24_09:00:00;160465.1606
2027-03-24_10:00:00;162347.8212
2027-03-24_11:00:00;162170.0849
2027-03-24_12:00:00;161724.2023
2027-03-24_13:00:00;162163.2280
2027-03-24_14:00:00;158964.2920
2027-03-24_15:00:00;154626.8952
2027-03-24_16:00:00;152765.0139
2027-03-24_17:00:00;150116.6331
2027-03-24_18:00:00;153271.2834
2027-03-24_19:00:00;156078.3812
2027-03-24_20:00:00;146985.8550
2027-03-24_21:00:00;138935.0709
2027-03-24_22:00:00;131234.3476
2027-03-24_23:00:00;120204.2533
2027-03-25_00:00:00;112644.8832
2027-03-25_01:00:00;108012.5782
2027-03-25_02:00:00;107014.6680
2027-03-25_03:00:00;107575.4298
2027-03-25_04:00:00;111168.5429
2027-03-25_05:00:00;120082.7547
2027-03-25_06:00:00;133624.1073
2027-03-25_07:00:00;145051.2455
2027-03-25_08:00:00;152046.4878
2027-03-25_09:00:00;155186.7037
2027-03-25_10:00:00;158854.8754
2027-03-25_11:00:00;161240.7743
2027-03-25_12:00:00;159950.0110
2027-03-25_13:00:00;157814.0215
2027-03-25_14:00:00;154665.9228
2027-03-25_15:00:00;149606.2554
2027-03-25_16:00:00;145930.0674
2027-03-25_17:00:00;145847.9473
2027-03-25_18:00:00;149873.0284
2027-03-25_19:00:00;151800.1605
2027-03-25_20:00:00;146564.1868
2027-03-25_21:00:00;134837.5712
2027-03-25_22:00:00;126465.6899
2027-03-25_23:00:00;117069.2689
2027-03-26_00:00:00;112570.2717
2027-03-26_01:00:00;109425.5438
2027-03-26_02:00:00;107020.4166
2027-03-26_03:00:00;106725.5054
2027-03-26_04:00:00;109217.4470
2027-03-26_05:00:00;113054.1383
2027-03-26_06:00:00;115220.6323
2027-03-26_07:00:00;120377.4458
2027-03-26_08:00:00;127618.1253
2027-03-26_09:00:00;133729.3441
2027-03-26_10:00:00;136420.3942
2027-03-26_11:00:00;138890.1777
2027-03-26_12:00:00;136829.4904
2027-03-26_13:00:00;133423.1322
2027-03-26_14:00:00;130995.8055
2027-03-26_15:00:00;129066.8942
2027-03-26_16:00:00;127324.9323
2027-03-26_17:00:00;129528.1542
2027-03-26_18:00:00;131964.5837
2027-03-26_19:00:00;134403.2212
2027-03-26_20:00:00;129224.4368
2027-03-26_21:00:00;121966.9784
2027-03-26_22:00:00;116477.7380
2027-03-26_23:00:00;111181.2536
2027-03-27_00:00:00;100993.4157
2027-03-27_01:00:00;96171.0950
2027-03-27_02:00:00;94361.4689
2027-03-27_03:00:00;92228.1234
2027-03-27_04:00:00;93799.8177
2027-03-27_05:00:00;97137.6195
2027-03-27_06:00:00;98780.1241
2027-03-27_07:00:00;103058.9408
2027-03-27_08:00:00;109749.3045
2027-03-27_09:00:00;118047.0998
2027-03-27_10:00:00;125569.0018
2027-03-27_11:00:00;132428.9407
2027-03-27_12:00:00;133458.1434
2027-03-27_13:00:00;125938.4527
2027-03-27_14:00:00;124662.5229
2027-03-27_15:00:00;121178.0140
2027-03-27_16:00:00;117482.5425
2027-03-27_17:00:00;115573.4582
2027-03-27_18:00:00;119913.6775
2027-03-27_19:00:00;127001.1557
2027-03-27_20:00:00;125982.6394
2027-03-27_21:00:00;121950.9483
2027-03-27_22:00:00;119819.9994
2027-03-27_23:00:00;113122.3857
2027-03-28_00:00:00;103209.3231
2027-03-28_01:00:00;101764.9966
2027-03-28_02:00:00;99984.9616
2027-03-28_03:00:00;97981.1316
2027-03-28_04:00:00;100237.8563
2027-03-28_05:00:00;102757.4488
2027-03-28_06:00:00;104381.7829
2027-03-28_07:00:00;111744.3027
2027-03-28_08:00:00;119154.8578
2027-03-28_09:00:00;122737.5698
2027-03-28_10:00:00;124736.8611
2027-03-28_11:00:00;124446.8884
2027-03-28_12:00:00;120681.1027
2027-03-28_13:00:00;118237.7913
2027-03-28_14:00:00;113106.0717
2027-03-28_15:00:00;107351.8657
2027-03-28_16:00:00;109646.1477
2027-03-28_17:00:00;106252.3515
2027-03-28_18:00:00;104748.2220
2027-03-28_19:00:00;111673.1320
2027-03-28_20:00:00;110774.2467
2027-03-28_21:00:00;111776.7862
2027-03-28_22:00:00;104840.3997
2027-03-28_23:00:00;100940.9030
2027-03-29_00:00:00;96139.7823
2027-03-29_01:00:00;93470.6502
2027-03-29_02:00:00;92202.1481
2027-03-29_03:00:00;92393.2184
2027-03-29_04:00:00;96163.4022
2027-03-29_05:00:00;101753.0614
2027-03-29_06:00:00;107340.7827
2027-03-29_07:00:00;112492.0197
2027-03-29_08:00:00;120425.9643
2027-03-29_09:00:00;127690.7497
2027-03-29_10:00:00;130437.4604
2027-03-29_11:00:00;130265.6620
2027-03-29_12:00:00;125528.7169
2027-03-29_13:00:00;124054.4945
2027-03-29_14:00:00;123694.8161
2027-03-29_15:00:00;121195.1832
2027-03-29_16:00:00;119424.9879
2027-03-29_17:00:00;123458.3990
2027-03-29_18:00:00;127428.3027
2027-03-29_19:00:00;129435.7683
2027-03-29_20:00:00;121873.7268
2027-03-29_21:00:00;120414.5768
2027-03-29_22:00:00;115241.5852
2027-03-29_23:00:00;104956.9438
2027-03-30_00:00:00;100161.5547
2027-03-30_01:00:00;101468.2909
2027-03-30_02:00:00;99539.7654
2027-03-30_03:00:00;102813.3012
2027-03-30_04:00:00;115100.1730
2027-03-30_05:00:00;134056.4229
2027-03-30_06:00:00;144090.0331
2027-03-30_07:00:00;153241.6829
2027-03-30_08:00:00;158419.8704
2027-03-30_09:00:00;162252.0380
2027-03-30_10:00:00;165177.3485
2027-03-30_11:00:00;165163.5164
2027-03-30_12:00:00;163466.4150
2027-03-30_13:00:00;161561.9243
2027-03-30_14:00:00;158765.3497
2027-03-30_15:00:00;154516.5629
2027-03-30_16:00:00;149103.2641
2027-03-30_17:00:00;143815.4609
2027-03-30_18:00:00;141327.4268
2027-03-30_19:00:00;140476.4503
2027-03-30_20:00:00;134674.7480
2027-03-30_21:00:00;129853.8767
2027-03-30_22:00:00;121840.6068
2027-03-30_23:00:00;114695.2881
2027-03-31_00:00:00;110484.3048
2027-03-31_01:00:00;108930.6812
2027-03-31_02:00:00;108798.7373
2027-03-31_03:00:00;110493.9047
2027-03-31_04:00:00;121808.3888
2027-03-31_05:00:00;137327.0779
2027-03-31_06:00:00;148405.8730
2027-03-31_07:00:00;154594.0626
2027-03-31_08:00:00;156628.9436
2027-03-31_09:00:00;160396.1930
2027-03-31_10:00:00;163043.2164
2027-03-31_11:00:00;163683.1517
2027-03-31_12:00:00;158561.9619
2027-03-31_13:00:00;157040.6105
2027-03-31_14:00:00;152365.0137
2027-03-31_15:00:00;149191.3281
2027-03-31_16:00:00;147068.7248
2027-03-31_17:00:00;145594.1746
2027-03-31_18:00:00;144987.8982
2027-03-31_19:00:00;146401.2763
2027-03-31_20:00:00;139412.2144
2027-03-31_21:00:00;131269.3284
2027-03-31_22:00:00;121117.2783
2027-03-31_23:00:00;113949.6549
2027-04-01_00:00:00;109128.9281
2027-04-01_01:00:00;104169.9249
2027-04-01_02:00:00;99962.9894
2027-04-01_03:00:00;103635.9778
2027-04-01_04:00:00;113251.3741
2027-04-01_05:00:00;129648.1526
2027-04-01_06:00:00;141006.3961
2027-04-01_07:00:00;143798.8570
2027-04-01_08:00:00;146579.0290
2027-04-01_09:00:00;149638.8476
2027-04-01_10:00:00;151760.4502
2027-04-01_11:00:00;150903.8073
2027-04-01_12:00:00;149700.6919
2027-04-01_13:00:00;148099.6033
2027-04-01_14:00:00;145873.7202
2027-04-01_15:00:00;141932.1372
2027-04-01_16:00:00;140514.9644
2027-04-01_17:00:00;140508.5071
2027-04-01_18:00:00;142675.4242
2027-04-01_19:00:00;143662.7282
2027-04-01_20:00:00;138805.1649
2027-04-01_21:00:00;132773.7893
2027-04-01_22:00:00;124592.1375
2027-04-01_23:00:00;117963.4343
2027-04-02_00:00:00;113711.5944
2027-04-02_01:00:00;111610.5531
2027-04-02_02:00:00;109911.3694
2027-04-02_03:00:00;111036.1800
2027-04-02_04:00:00;119558.0476
2027-04-02_05:00:00;132882.5721
2027-04-02_06:00:00;144593.7105
2027-04-02_07:00:00;152107.6781
2027-04-02_08:00:00;154174.2566
2027-04-02_09:00:00;153439.3740
2027-04-02_10:00:00;154627.1297
2027-04-02_11:00:00;153507.4024
2027-04-02_12:00:00;150623.7049
2027-04-02_13:00:00;148508.4013
2027-04-02_14:00:00;145728.8880
2027-04-02_15:00:00;140358.9691
2027-04-02_16:00:00;137279.6853
2027-04-02_17:00:00;134747.3194
2027-04-02_18:00:00;134361.7372
2027-04-02_19:00:00;135820.1812
2027-04-02_20:00:00;131412.9524
2027-04-02_21:00:00;125825.7417
2027-04-02_22:00:00;119880.7751
2027-04-02_23:00:00;111926.2294
2027-04-03_00:00:00;107614.2123
2027-04-03_01:00:00;106618.0234
2027-04-03_02:00:00;105270.4917
2027-04-03_03:00:00;105631.7202
2027-04-03_04:00:00;106951.5951
2027-04-03_05:00:00;110912.5931
2027-04-03_06:00:00;114191.5372
2027-04-03_07:00:00;120940.8220
2027-04-03_08:00:00;126579.5328
2027-04-03_09:00:00;129230.5048
2027-04-03_10:00:00;134118.0478
2027-04-03_11:00:00;133262.2372
2027-04-03_12:00:00;130320.7191
2027-04-03_13:00:00;126309.0903
2027-04-03_14:00:00;122299.8753
2027-04-03_15:00:00;117615.8346
2027-04-03_16:00:00;115648.9012
2027-04-03_17:00:00;114972.4107
2027-04-03_18:00:00;115886.5886
2027-04-03_19:00:00;119708.6122
2027-04-03_20:00:00;116700.1940
2027-04-03_21:00:00;113686.8007
2027-04-03_22:00:00;108922.8287
2027-04-03_23:00:00;102348.6004
2027-04-04_00:00:00;96791.1612
2027-04-04_01:00:00;93010.3387
2027-04-04_02:00:00;90334.1469
2027-04-04_03:00:00;89768.6184
2027-04-04_04:00:00;90375.6127
2027-04-04_05:00:00;91296.1813
2027-04-04_06:00:00;95161.8612
2027-04-04_07:00:00;102750.7068
2027-04-04_08:00:00;110349.3875
2027-04-04_09:00:00;114585.5676
2027-04-04_10:00:00;118423.6065
2027-04-04_11:00:00;117194.3245
2027-04-04_12:00:00;114402.8990
2027-04-04_13:00:00;108799.8279
2027-04-04_14:00:00;100957.1230
2027-04-04_15:00:00;95947.5202
2027-04-04_16:00:00;99278.2501
2027-04-04_17:00:00;102920.4870
2027-04-04_18:00:00;103972.1677
2027-04-04_19:00:00;108061.5763
2027-04-04_20:00:00;104769.2591
2027-04-04_21:00:00;102215.3695
2027-04-04_22:00:00;99453.7088
2027-04-04_23:00:00;95829.3917
2027-04-05_00:00:00;90869.0470
2027-04-05_01:00:00;89837.9416
2027-04-05_02:00:00;86912.7703
2027-04-05_03:00:00;90442.5709
2027-04-05_04:00:00;106376.7223
2027-04-05_05:00:00;124798.6414
2027-04-05_06:00:00;137341.4008
2027-04-05_07:00:00;145468.2484
2027-04-05_08:00:00;147896.2555
2027-04-05_09:00:00;149488.2887
2027-04-05_10:00:00;154081.3963
2027-04-05_11:00:00;155380.7905
2027-04-05_12:00:00;152840.9435
2027-04-05_13:00:00;151587.7663
2027-04-05_14:00:00;146518.1579
2027-04-05_15:00:00;141515.2767
2027-04-05_16:00:00;136666.2233
2027-04-05_17:00:00;132561.6213
2027-04-05_18:00:00;130148.2656
2027-04-05_19:00:00;131385.8716
2027-04-05_20:00:00;125378.4634
2027-04-05_21:00:00;120227.6786
2027-04-05_22:00:00;114262.2638
2027-04-05_23:00:00;103999.6900
2027-04-06_00:00:00;97793.1823
2027-04-06_01:00:00;93741.9896
2027-04-06_02:00:00;93643.8145
2027-04-06_03:00:00;96565.4480
2027-04-06_04:00:00;108540.6916
2027-04-06_05:00:00;126656.3973
2027-04-06_06:00:00;140576.5612
2027-04-06_07:00:00;147623.9648
2027-04-06_08:00:00;150951.3076
2027-04-06_09:00:00;150372.5884
2027-04-06_10:00:00;152851.5859
2027-04-06_11:00:00;151237.1362
2027-04-06_12:00:00;148904.4192
2027-04-06_13:00:00;147703.8814
2027-04-06_14:00:00;141381.5926
2027-04-06_15:00:00;138475.3386
2027-04-06_16:00:00;135294.2820
2027-04-06_17:00:00;134300.1224
2027-04-06_18:00:00;134016.8028
2027-04-06_19:00:00;136902.4502
2027-04-06_20:00:00;135576.5428
2027-04-06_21:00:00;131272.8757
2027-04-06_22:00:00;124914.2096
2027-04-06_23:00:00;115152.4445
2027-04-07_00:00:00;110641.3637
2027-04-07_01:00:00;108051.6198
2027-04-07_02:00:00;106748.1170
2027-04-07_03:00:00;109027.3838
2027-04-07_04:00:00;117405.8282
2027-04-07_05:00:00;133444.0845
2027-04-07_06:00:00;146073.6731
2027-04-07_07:00:00;152392.7283
2027-04-07_08:00:00;154615.5801
2027-04-07_09:00:00;157174.6039
2027-04-07_10:00:00;161239.8610
2027-04-07_11:00:00;160587.1723
2027-04-07_12:00:00;159520.7070
2027-04-07_13:00:00;154333.2734
2027-04-07_14:00:00;150519.7605
2027-04-07_15:00:00;149171.4788
2027-04-07_16:00:00;148082.1062
2027-04-07_17:00:00;144193.5852
2027-04-07_18:00:00;144238.9216
2027-04-07_19:00:00;145812.0218
2027-04-07_20:00:00;139920.6627
2027-04-07_21:00:00;133604.8559
2027-04-07_22:00:00;125445.6545
2027-04-07_23:00:00;117382.1515
2027-04-08_00:00:00;114968.8607
2027-04-08_01:00:00;110793.8230
2027-04-08_02:00:00;109091.0275
2027-04-08_03:00:00;112324.2048
2027-04-08_04:00:00;117350.1844
2027-04-08_05:00:00;135533.8617
2027-04-08_06:00:00;147086.1479
2027-04-08_07:00:00;152245.8185
2027-04-08_08:00:00;153718.4354
2027-04-08_09:00:00;156610.0722
2027-04-08_10:00:00;160157.3210
2027-04-08_11:00:00;158146.1163
2027-04-08_12:00:00;158200.8396
2027-04-08_13:00:00;157696.9486
2027-04-08_14:00:00;151815.0085
2027-04-08_15:00:00;146137.8331
2027-04-08_16:00:00;144084.9017
2027-04-08_17:00:00;141366.1234
2027-04-08_18:00:00;138723.0050
2027-04-08_19:00:00;137325.5517
2027-04-08_20:00:00;133729.6646
2027-04-08_21:00:00;129406.7923
2027-04-08_22:00:00;121265.6006
2027-04-08_23:00:00;115260.3437
2027-04-09_00:00:00;107948.2769
2027-04-09_01:00:00;104436.4240
2027-04-09_02:00:00;101962.8003
2027-04-09_03:00:00;104704.0942
2027-04-09_04:00:00;113891.1378
2027-04-09_05:00:00;128940.4774
2027-04-09_06:00:00;140650.0127
2027-04-09_07:00:00;146984.0826
2027-04-09_08:00:00;149448.7405
2027-04-09_09:00:00;150204.4718
2027-04-09_10:00:00;152466.4138
2027-04-09_11:00:00;151071.2126
2027-04-09_12:00:00;147114.0872
2027-04-09_13:00:00;142448.3872
2027-04-09_14:00:00;136048.8261
2027-04-09_15:00:00;133998.7565
2027-04-09_16:00:00;129875.3719
2027-04-09_17:00:00;125966.7061
2027-04-09_18:00:00;124713.8360
2027-04-09_19:00:00;125170.7425
2027-04-09_20:00:00;119442.7064
2027-04-09_21:00:00;115467.9512
2027-04-09_22:00:00;108493.3492
2027-04-09_23:00:00;103875.7515
2027-04-10_00:00:00;100140.6826
2027-04-10_01:00:00;97391.8946
2027-04-10_02:00:00;94944.7249
2027-04-10_03:00:00;94172.7073
2027-04-10_04:00:00;96654.2505
2027-04-10_05:00:00;100521.1626
2027-04-10_06:00:00;106041.4262
2027-04-10_07:00:00;114760.2175
2027-04-10_08:00:00;123265.1952
2027-04-10_09:00:00;126675.3491
2027-04-10_10:00:00;127231.9509
2027-04-10_11:00:00;126988.6790
2027-04-10_12:00:00;122562.8139
2027-04-10_13:00:00;117801.6899
2027-04-10_14:00:00;112047.2405
2027-04-10_15:00:00;108272.7351
2027-04-10_16:00:00;108825.7860
2027-04-10_17:00:00;109470.5735
2027-04-10_18:00:00;110228.1712
2027-04-10_19:00:00;113254.4354
2027-04-10_20:00:00;115415.9601
2027-04-10_21:00:00;113573.8806
2027-04-10_22:00:00;108633.1962
2027-04-10_23:00:00;101217.2333
2027-04-11_00:00:00;96263.9162
2027-04-11_01:00:00;92101.5634
2027-04-11_02:00:00;89324.7083
2027-04-11_03:00:00;88958.2487
2027-04-11_04:00:00;89509.4814
2027-04-11_05:00:00;91364.4031
2027-04-11_06:00:00;95034.9173
2027-04-11_07:00:00;102018.3226
2027-04-11_08:00:00;107846.7908
2027-04-11_09:00:00;110720.1802
2027-04-11_10:00:00;116233.6180
2027-04-11_11:00:00;116705.8576
2027-04-11_12:00:00;111877.1907
2027-04-11_13:00:00;104867.0745
2027-04-11_14:00:00;98161.0963
2027-04-11_15:00:00;95353.6205
2027-04-11_16:00:00;99916.8759
2027-04-11_17:00:00;106397.5904
2027-04-11_18:00:00;107323.8774
2027-04-11_19:00:00;111516.3165
2027-04-11_20:00:00;111507.8975
2027-04-11_21:00:00;112313.5238
2027-04-11_22:00:00;108479.5841
2027-04-11_23:00:00;98051.4416
2027-04-12_00:00:00;92949.6811
2027-04-12_01:00:00;91112.1117
2027-04-12_02:00:00;90031.4697
2027-04-12_03:00:00;95465.5729
2027-04-12_04:00:00;104929.0762
2027-04-12_05:00:00;120370.7303
2027-04-12_06:00:00;135205.7601
2027-04-12_07:00:00;143750.9859
2027-04-12_08:00:00;150906.5964
2027-04-12_09:00:00;152861.1007
2027-04-12_10:00:00;155058.8258
2027-04-12_11:00:00;153450.1637
2027-04-12_12:00:00;150837.7672
2027-04-12_13:00:00;149032.7109
2027-04-12_14:00:00;145762.9605
2027-04-12_15:00:00;139565.6211
2027-04-12_16:00:00;136925.9259
2027-04-12_17:00:00;134359.1977
2027-04-12_18:00:00;133628.6926
2027-04-12_19:00:00;135196.1825
2027-04-12_20:00:00;132340.8131
2027-04-12_21:00:00;126620.0558
2027-04-12_22:00:00;116691.0281
2027-04-12_23:00:00;108023.6498
2027-04-13_00:00:00;102613.3109
2027-04-13_01:00:00;97960.6022
2027-04-13_02:00:00;95630.6277
2027-04-13_03:00:00;97468.0904
2027-04-13_04:00:00;107182.3777
2027-04-13_05:00:00;122475.0498
2027-04-13_06:00:00;135676.8562
2027-04-13_07:00:00;146452.7308
2027-04-13_08:00:00;147644.0293
2027-04-13_09:00:00;148580.4571
2027-04-13_10:00:00;150913.5410
2027-04-13_11:00:00;148896.0047
2027-04-13_12:00:00;149419.7934
2027-04-13_13:00:00;147543.7615
2027-04-13_14:00:00;143197.9733
2027-04-13_15:00:00;137385.1780
2027-04-13_16:00:00;133899.6854
2027-04-13_17:00:00;132162.8111
2027-04-13_18:00:00;131921.4641
2027-04-13_19:00:00;132081.8988
2027-04-13_20:00:00;128186.3989
2027-04-13_21:00:00;121413.7398
2027-04-13_22:00:00;113735.0162
2027-04-13_23:00:00;105706.4623
2027-04-14_00:00:00;101263.6325
2027-04-14_01:00:00;97451.4377
2027-04-14_02:00:00;96581.8609
2027-04-14_03:00:00;98964.7421
2027-04-14_04:00:00;106871.8321
2027-04-14_05:00:00;121444.8436
2027-04-14_06:00:00;133486.2327
2027-04-14_07:00:00;142663.5714
2027-04-14_08:00:00;143989.3608
2027-04-14_09:00:00;145434.6596
2027-04-14_10:00:00;147859.1298
2027-04-14_11:00:00;147869.5221
2027-04-14_12:00:00;146461.5224
2027-04-14_13:00:00;143253.0907
2027-04-14_14:00:00;139988.5164
2027-04-14_15:00:00;136391.6819
2027-04-14_16:00:00;134028.4662
2027-04-14_17:00:00;134249.9526
2027-04-14_18:00:00;133413.1077
2027-04-14_19:00:00;133646.9951
2027-04-14_20:00:00;129699.8828
2027-04-14_21:00:00;125500.6852
2027-04-14_22:00:00;116239.5248
2027-04-14_23:00:00;108204.8425
2027-04-15_00:00:00;101839.6352
2027-04-15_01:00:00;98011.3871
2027-04-15_02:00:00;97597.6243
2027-04-15_03:00:00;99602.7965
2027-04-15_04:00:00;108537.4286
2027-04-15_05:00:00;123999.9309
2027-04-15_06:00:00;137431.6895
2027-04-15_07:00:00;146010.8527
2027-04-15_08:00:00;149566.1823
2027-04-15_09:00:00;150101.9813
2027-04-15_10:00:00;151584.3235
2027-04-15_11:00:00;151213.5441
2027-04-15_12:00:00;149560.3741
2027-04-15_13:00:00;146221.8477
2027-04-15_14:00:00;142000.8705
2027-04-15_15:00:00;140024.9138
2027-04-15_16:00:00;136305.6001
2027-04-15_17:00:00;131673.0279
2027-04-15_18:00:00;129556.2580
2027-04-15_19:00:00;132554.5799
2027-04-15_20:00:00;128378.1373
2027-04-15_21:00:00;122423.9746
2027-04-15_22:00:00;113795.9067
2027-04-15_23:00:00;107038.7720
2027-04-16_00:00:00;102338.1242
2027-04-16_01:00:00;101311.3592
2027-04-16_02:00:00;100223.2394
2027-04-16_03:00:00;102101.5048
2027-04-16_04:00:00;109839.9838
2027-04-16_05:00:00;123205.1032
2027-04-16_06:00:00;135863.9273
2027-04-16_07:00:00;145186.4638
2027-04-16_08:00:00;145727.2979
2027-04-16_09:00:00;146007.1499
2027-04-16_10:00:00;147770.2742
2027-04-16_11:00:00;146698.8505
2027-04-16_12:00:00;144473.2744
2027-04-16_13:00:00;142142.5900
2027-04-16_14:00:00;140579.0820
2027-04-16_15:00:00;137096.9063
2027-04-16_16:00:00;135480.0395
2027-04-16_17:00:00;130420.1295
2027-04-16_18:00:00;125455.3606
2027-04-16_19:00:00;123833.1022
2027-04-16_20:00:00;122129.8507
2027-04-16_21:00:00;116437.3798
2027-04-16_22:00:00;108948.7611
2027-04-16_23:00:00;104730.8426
2027-04-17_00:00:00;98813.3355
2027-04-17_01:00:00;98722.7620
2027-04-17_02:00:00;98159.4112
2027-04-17_03:00:00;98466.5558
2027-04-17_04:00:00;100812.9144
2027-04-17_05:00:00;103799.8955
2027-04-17_06:00:00;110658.5319
2027-04-17_07:00:00;115078.8534
2027-04-17_08:00:00;122416.9924
2027-04-17_09:00:00;127396.9333
2027-04-17_10:00:00;130869.4275
2027-04-17_11:00:00;130500.3878
2027-04-17_12:00:00;127211.9165
2027-04-17_13:00:00;123486.7024
2027-04-17_14:00:00;120208.2724
2027-04-17_15:00:00;117369.8673
2027-04-17_16:00:00;117306.0647
2027-04-17_17:00:00;113168.9381
2027-04-17_18:00:00;109999.0793
2027-04-17_19:00:00;111031.0384
2027-04-17_20:00:00;108593.5734
2027-04-17_21:00:00;105472.7162
2027-04-17_22:00:00;100305.0753
2027-04-17_23:00:00;92419.4460
2027-04-18_00:00:00;87699.8025
2027-04-18_01:00:00;84539.1574
2027-04-18_02:00:00;82687.3819
2027-04-18_03:00:00;83261.2863
2027-04-18_04:00:00;85866.0881
2027-04-18_05:00:00;88010.7863
2027-04-18_06:00:00;91611.9217
2027-04-18_07:00:00;97307.7515
2027-04-18_08:00:00;102487.8550
2027-04-18_09:00:00;109673.9275
2027-04-18_10:00:00;114829.1164
2027-04-18_11:00:00;113738.2822
2027-04-18_12:00:00;109802.5806
2027-04-18_13:00:00;105860.1151
2027-04-18_14:00:00;102248.5019
2027-04-18_15:00:00;101298.9385
2027-04-18_16:00:00;104597.6513
2027-04-18_17:00:00;106871.9834
2027-04-18_18:00:00;103027.9541
2027-04-18_19:00:00;103166.0750
2027-04-18_20:00:00;106203.5465
2027-04-18_21:00:00;106473.7008
2027-04-18_22:00:00;99446.7887
2027-04-18_23:00:00;95036.1219
2027-04-19_00:00:00;92945.5051
2027-04-19_01:00:00;91785.5497
2027-04-19_02:00:00;91091.3326
2027-04-19_03:00:00;94945.6387
2027-04-19_04:00:00;104159.0154
2027-04-19_05:00:00;122681.3465
2027-04-19_06:00:00;138739.1908
2027-04-19_07:00:00;146853.4675
2027-04-19_08:00:00;150607.4076
2027-04-19_09:00:00;153367.2095
2027-04-19_10:00:00;155063.8532
2027-04-19_11:00:00;153984.5119
2027-04-19_12:00:00;151091.9130
2027-04-19_13:00:00;148547.1155
2027-04-19_14:00:00;143893.2201
2027-04-19_15:00:00;141291.6639
2027-04-19_16:00:00;140843.4675
2027-04-19_17:00:00;140645.0631
2027-04-19_18:00:00;137172.2764
2027-04-19_19:00:00;136239.7438
2027-04-19_20:00:00;133324.1696
2027-04-19_21:00:00;125508.1775
2027-04-19_22:00:00;114779.8833
2027-04-19_23:00:00;111216.0916
2027-04-20_00:00:00;108712.4127
2027-04-20_01:00:00;106296.3905
2027-04-20_02:00:00;104506.1455
2027-04-20_03:00:00;105313.9166
2027-04-20_04:00:00;117056.2900
2027-04-20_05:00:00;134019.0977
2027-04-20_06:00:00;142975.5107
2027-04-20_07:00:00;149325.2957
2027-04-20_08:00:00;151843.6516
2027-04-20_09:00:00;155836.4418
2027-04-20_10:00:00;159518.6656
2027-04-20_11:00:00;157973.7804
2027-04-20_12:00:00;153801.6281
2027-04-20_13:00:00;149963.8288
2027-04-20_14:00:00;148796.0866
2027-04-20_15:00:00;145445.4082
2027-04-20_16:00:00;144882.8112
2027-04-20_17:00:00;143127.9962
2027-04-20_18:00:00;141177.4623
2027-04-20_19:00:00;141045.7159
2027-04-20_20:00:00;137354.7084
2027-04-20_21:00:00;127490.4365
2027-04-20_22:00:00;116924.6823
2027-04-20_23:00:00;109217.8835
2027-04-21_00:00:00;105704.7434
2027-04-21_01:00:00;100846.8390
2027-04-21_02:00:00;101040.1623
2027-04-21_03:00:00;103493.2986
2027-04-21_04:00:00;112603.2121
2027-04-21_05:00:00;126822.6066
2027-04-21_06:00:00;138159.5179
2027-04-21_07:00:00;145858.1432
2027-04-21_08:00:00;150195.9359
2027-04-21_09:00:00;152119.0970
2027-04-21_10:00:00;155502.6546
2027-04-21_11:00:00;151387.6820
2027-04-21_12:00:00;150824.3831
2027-04-21_13:00:00;148245.9054
2027-04-21_14:00:00;145060.6983
2027-04-21_15:00:00;140356.0413
2027-04-21_16:00:00;133724.1748
2027-04-21_17:00:00;128156.8907
2027-04-21_18:00:00;125598.7834
2027-04-21_19:00:00;126322.2677
2027-04-21_20:00:00;123821.2234
2027-04-21_21:00:00;119401.9439
2027-04-21_22:00:00;111461.2347
2027-04-21_23:00:00;102081.4319
2027-04-22_00:00:00;98361.4926
2027-04-22_01:00:00;95570.3354
2027-04-22_02:00:00;93603.4541
2027-04-22_03:00:00;95762.1305
2027-04-22_04:00:00;102950.5618
2027-04-22_05:00:00;118840.6076
2027-04-22_06:00:00;133899.4890
2027-04-22_07:00:00;142695.6651
2027-04-22_08:00:00;148572.9189
2027-04-22_09:00:00;152558.4495
2027-04-22_10:00:00;154029.1201
2027-04-22_11:00:00;154484.6298
2027-04-22_12:00:00;153445.1601
2027-04-22_13:00:00;151294.8049
2027-04-22_14:00:00;146999.9002
2027-04-22_15:00:00;140256.5484
2027-04-22_16:00:00;136274.8634
2027-04-22_17:00:00;132900.0183
2027-04-22_18:00:00;131105.4213
2027-04-22_19:00:00;132939.5035
2027-04-22_20:00:00;130143.1667
2027-04-22_21:00:00;127500.8215
2027-04-22_22:00:00;119135.0746
2027-04-22_23:00:00;110878.5241
2027-04-23_00:00:00;105538.7680
2027-04-23_01:00:00;104069.2668
2027-04-23_02:00:00;103346.8497
2027-04-23_03:00:00;105026.4198
2027-04-23_04:00:00;115109.1926
2027-04-23_05:00:00;129094.1150
2027-04-23_06:00:00;140741.9874
2027-04-23_07:00:00;147542.5580
2027-04-23_08:00:00;149819.9748
2027-04-23_09:00:00;153007.3240
2027-04-23_10:00:00;155148.4485
2027-04-23_11:00:00;154603.8526
2027-04-23_12:00:00;150605.8372
2027-04-23_13:00:00;146500.2725
2027-04-23_14:00:00;142350.4357
2027-04-23_15:00:00;138867.2669
2027-04-23_16:00:00;136845.6464
2027-04-23_17:00:00;134031.8887
2027-04-23_18:00:00;129249.1373
2027-04-23_19:00:00;126598.3001
2027-04-23_20:00:00;124189.6175
2027-04-23_21:00:00;121122.3942
2027-04-23_22:00:00;115564.2804
2027-04-23_23:00:00;104296.8513
2027-04-24_00:00:00;97819.1937
2027-04-24_01:00:00;93934.5422
2027-04-24_02:00:00;92949.8820
2027-04-24_03:00:00;92505.0535
2027-04-24_04:00:00;94663.6280
2027-04-24_05:00:00;97737.1854
2027-04-24_06:00:00;105084.6123
2027-04-24_07:00:00;112387.1860
2027-04-24_08:00:00;118304.1857
2027-04-24_09:00:00;123076.1448
2027-04-24_10:00:00;126358.1511
2027-04-24_11:00:00;127921.5288
2027-04-24_12:00:00;124276.4347
2027-04-24_13:00:00;121385.5047
2027-04-24_14:00:00;116680.8201
2027-04-24_15:00:00;113745.7369
2027-04-24_16:00:00;113910.4410
2027-04-24_17:00:00;117696.5267
2027-04-24_18:00:00;114968.0584
2027-04-24_19:00:00;111911.1575
2027-04-24_20:00:00;111525.5250
2027-04-24_21:00:00;108996.4609
2027-04-24_22:00:00;104386.2562
2027-04-24_23:00:00;94785.7979
2027-04-25_00:00:00;90956.3588
2027-04-25_01:00:00;89071.4756
2027-04-25_02:00:00;87506.7572
2027-04-25_03:00:00;86101.9718
2027-04-25_04:00:00;85104.8293
2027-04-25_05:00:00;84005.2890
2027-04-25_06:00:00;88719.5247
2027-04-25_07:00:00;100371.2520
2027-04-25_08:00:00;108395.9486
2027-04-25_09:00:00;113568.0692
2027-04-25_10:00:00;119234.7169
2027-04-25_11:00:00;117281.0620
2027-04-25_12:00:00;113278.0482
2027-04-25_13:00:00;109876.2356
2027-04-25_14:00:00;105630.4714
2027-04-25_15:00:00;104837.3246
2027-04-25_16:00:00;108453.2073
2027-04-25_17:00:00;110533.3270
2027-04-25_18:00:00;108424.5204
2027-04-25_19:00:00;107224.4117
2027-04-25_20:00:00;108239.9039
2027-04-25_21:00:00;108612.9970
2027-04-25_22:00:00;105193.0246
2027-04-25_23:00:00;97717.5005
2027-04-26_00:00:00;93441.9578
2027-04-26_01:00:00;91978.5543
2027-04-26_02:00:00;93796.7233
2027-04-26_03:00:00;96396.4676
2027-04-26_04:00:00;105557.9444
2027-04-26_05:00:00;121419.3670
2027-04-26_06:00:00;137214.6044
2027-04-26_07:00:00;145505.4205
2027-04-26_08:00:00;151138.0663
2027-04-26_09:00:00;154949.3361
2027-04-26_10:00:00;156231.7422
2027-04-26_11:00:00;156594.2111
2027-04-26_12:00:00;156618.3858
2027-04-26_13:00:00;154850.2836
2027-04-26_14:00:00;151400.8166
2027-04-26_15:00:00;147807.6029
2027-04-26_16:00:00;144097.6466
2027-04-26_17:00:00;138888.4528
2027-04-26_18:00:00;136241.7256
2027-04-26_19:00:00;135402.6110
2027-04-26_20:00:00;133722.5551
2027-04-26_21:00:00;129989.2994
2027-04-26_22:00:00;121009.5413
2027-04-26_23:00:00;118946.4278
2027-04-27_00:00:00;114943.4521
2027-04-27_01:00:00;110732.2180
2027-04-27_02:00:00;107858.7376
2027-04-27_03:00:00;107310.5664
2027-04-27_04:00:00;117288.0000
2027-04-27_05:00:00;134008.7682
2027-04-27_06:00:00;147002.7671
2027-04-27_07:00:00;154003.5414
2027-04-27_08:00:00;154459.9281
2027-04-27_09:00:00;156245.8254
2027-04-27_10:00:00;158348.1785
2027-04-27_11:00:00;158864.1802
2027-04-27_12:00:00;158664.3726
2027-04-27_13:00:00;155694.1469
2027-04-27_14:00:00;150355.1447
2027-04-27_15:00:00;145040.7354
2027-04-27_16:00:00;144159.9066
2027-04-27_17:00:00;143694.3109
2027-04-27_18:00:00;139322.9467
2027-04-27_19:00:00;136826.5345
2027-04-27_20:00:00;136181.3731
2027-04-27_21:00:00;132495.2870
2027-04-27_22:00:00;123693.4829
2027-04-27_23:00:00;115952.5373
2027-04-28_00:00:00;112554.4595
2027-04-28_01:00:00;111384.0145
2027-04-28_02:00:00;111512.4465
2027-04-28_03:00:00;113599.9963
2027-04-28_04:00:00;123120.1292
2027-04-28_05:00:00;134895.6260
2027-04-28_06:00:00;146086.6092
2027-04-28_07:00:00;153912.6266
2027-04-28_08:00:00;157075.6904
2027-04-28_09:00:00;158840.0122
2027-04-28_10:00:00;160641.3502
2027-04-28_11:00:00;161537.7907
2027-04-28_12:00:00;159674.6699
2027-04-28_13:00:00;158777.9106
2027-04-28_14:00:00;157161.7370
2027-04-28_15:00:00;153257.0173
2027-04-28_16:00:00;149484.2200
2027-04-28_17:00:00;146999.0325
2027-04-28_18:00:00;143321.4099
2027-04-28_19:00:00;141694.5390
2027-04-28_20:00:00;139423.4022
2027-04-28_21:00:00;133737.5560
2027-04-28_22:00:00;126882.3301
2027-04-28_23:00:00;122562.5722
2027-04-29_00:00:00;117284.4391
2027-04-29_01:00:00;115819.5085
2027-04-29_02:00:00;113513.2980
2027-04-29_03:00:00;114933.8848
2027-04-29_04:00:00;121687.4670
2027-04-29_05:00:00;133331.8661
2027-04-29_06:00:00;145783.2207
2027-04-29_07:00:00;151308.0584
2027-04-29_08:00:00;153873.8823
2027-04-29_09:00:00;157002.2892
2027-04-29_10:00:00;161108.0557
2027-04-29_11:00:00;158162.7432
2027-04-29_12:00:00;156248.2353
2027-04-29_13:00:00;158165.6482
2027-04-29_14:00:00;153738.0881
2027-04-29_15:00:00;149091.9773
2027-04-29_16:00:00;145108.6360
2027-04-29_17:00:00;138673.4043
2027-04-29_18:00:00;133618.6246
2027-04-29_19:00:00;130769.9306
2027-04-29_20:00:00;130205.7702
2027-04-29_21:00:00;124833.1876
2027-04-29_22:00:00;118003.1633
2027-04-29_23:00:00;114947.1167
2027-04-30_00:00:00;111488.0840
2027-04-30_01:00:00;110865.0219
2027-04-30_02:00:00;109726.1425
2027-04-30_03:00:00;112671.5627
2027-04-30_04:00:00;121351.7447
2027-04-30_05:00:00;136490.0417
2027-04-30_06:00:00;150305.2957
2027-04-30_07:00:00;157266.9434
2027-04-30_08:00:00;158544.6000
2027-04-30_09:00:00;160505.5508
2027-04-30_10:00:00;161371.1820
2027-04-30_11:00:00;159350.7668
2027-04-30_12:00:00;154899.9141
2027-04-30_13:00:00;149706.0546
2027-04-30_14:00:00;144998.5450
2027-04-30_15:00:00;142015.9173
2027-04-30_16:00:00;142751.2983
2027-04-30_17:00:00;137448.6156
2027-04-30_18:00:00;132475.7554
2027-04-30_19:00:00;129492.1546
2027-04-30_20:00:00;128101.5449
2027-04-30_21:00:00;125936.9348
2027-04-30_22:00:00;119327.0850
2027-04-30_23:00:00;109438.9690
2027-05-01_00:00:00;106227.1062
2027-05-01_01:00:00;104430.2060
2027-05-01_02:00:00;102046.7570
2027-05-01_03:00:00;100282.8577
2027-05-01_04:00:00;99300.4123
2027-05-01_05:00:00;102753.5596
2027-05-01_06:00:00;108959.7960
2027-05-01_07:00:00;116278.4729
2027-05-01_08:00:00;121700.5060
2027-05-01_09:00:00;123048.3796
2027-05-01_10:00:00;126482.4582
2027-05-01_11:00:00;127122.1275
2027-05-01_12:00:00;123987.5376
2027-05-01_13:00:00;118608.9771
2027-05-01_14:00:00;114760.6435
2027-05-01_15:00:00;109295.5395
2027-05-01_16:00:00;108654.0476
2027-05-01_17:00:00;107122.1216
2027-05-01_18:00:00;105609.2238
2027-05-01_19:00:00;106946.8724
2027-05-01_20:00:00;109750.6927
2027-05-01_21:00:00;110826.8167
2027-05-01_22:00:00;105297.1635
2027-05-01_23:00:00;97600.8674
2027-05-02_00:00:00;93245.2538
2027-05-02_01:00:00;90613.4760
2027-05-02_02:00:00;87453.2470
2027-05-02_03:00:00;88133.0479
2027-05-02_04:00:00;88208.4787
2027-05-02_05:00:00;87780.0371
2027-05-02_06:00:00;91380.1210
2027-05-02_07:00:00;98869.4430
2027-05-02_08:00:00;106412.6302
2027-05-02_09:00:00;111492.4079
2027-05-02_10:00:00;116071.2369
2027-05-02_11:00:00;116526.5887
2027-05-02_12:00:00;110653.7809
2027-05-02_13:00:00;105548.4444
2027-05-02_14:00:00;101202.4366
2027-05-02_15:00:00;98626.9771
2027-05-02_16:00:00;102695.4793
2027-05-02_17:00:00;107378.7860
2027-05-02_18:00:00;106911.3356
2027-05-02_19:00:00;103576.2463
2027-05-02_20:00:00;105618.5264
2027-05-02_21:00:00;104338.9174
2027-05-02_22:00:00;97075.5584
2027-05-02_23:00:00;91268.7421
2027-05-03_00:00:00;86111.4619
2027-05-03_01:00:00;84489.2585
2027-05-03_02:00:00;84624.7824
2027-05-03_03:00:00;88274.6808
2027-05-03_04:00:00;98436.4216
2027-05-03_05:00:00;115223.7134
2027-05-03_06:00:00;129058.2625
2027-05-03_07:00:00;139089.2781
2027-05-03_08:00:00;145267.4620
2027-05-03_09:00:00;149412.2148
2027-05-03_10:00:00;153791.2745
2027-05-03_11:00:00;153158.4114
2027-05-03_12:00:00;150977.5892
2027-05-03_13:00:00;147912.4079
2027-05-03_14:00:00;143763.4287
2027-05-03_15:00:00;138382.2290
2027-05-03_16:00:00;132186.5797
2027-05-03_17:00:00;125936.9214
2027-05-03_18:00:00;124453.3789
2027-05-03_19:00:00;121973.9652
2027-05-03_20:00:00;120471.0667
2027-05-03_21:00:00;118299.0783
2027-05-03_22:00:00;111398.0447
2027-05-03_23:00:00;105830.6511
2027-05-04_00:00:00;101193.2308
2027-05-04_01:00:00;97324.4361
2027-05-04_02:00:00;95891.5660
2027-05-04_03:00:00;98087.2227
2027-05-04_04:00:00;106401.7830
2027-05-04_05:00:00;120410.4369
2027-05-04_06:00:00;133014.7320
2027-05-04_07:00:00;139430.4946
2027-05-04_08:00:00;143736.8981
2027-05-04_09:00:00;147899.5657
2027-05-04_10:00:00;151816.9235
2027-05-04_11:00:00;153485.3903
2027-05-04_12:00:00;154164.2086
2027-05-04_13:00:00;151385.3278
2027-05-04_14:00:00;149581.0630
2027-05-04_15:00:00;147485.8614
2027-05-04_16:00:00;148245.2729
2027-05-04_17:00:00;145186.0017
2027-05-04_18:00:00;141840.8543
2027-05-04_19:00:00;137343.9109
2027-05-04_20:00:00;134788.4212
2027-05-04_21:00:00;130526.7171
2027-05-04_22:00:00;119664.2788
2027-05-04_23:00:00;112927.1126
2027-05-05_00:00:00;107377.5529
2027-05-05_01:00:00;104255.3119
2027-05-05_02:00:00;104843.5730
2027-05-05_03:00:00;106594.4428
2027-05-05_04:00:00;115198.6030
2027-05-05_05:00:00;129110.4393
2027-05-05_06:00:00;140781.9168
2027-05-05_07:00:00;150233.6773
2027-05-05_08:00:00;153215.0650
2027-05-05_09:00:00;155294.1701
2027-05-05_10:00:00;158544.7427
2027-05-05_11:00:00;156291.9621
2027-05-05_12:00:00;155480.5413
2027-05-05_13:00:00;153476.2357
2027-05-05_14:00:00;147246.7009
2027-05-05_15:00:00;141723.1558
2027-05-05_16:00:00;137067.2070
2027-05-05_17:00:00;129822.5829
2027-05-05_18:00:00;125924.0047
2027-05-05_19:00:00;122074.4803
2027-05-05_20:00:00;121109.5952
2027-05-05_21:00:00;117358.7387
2027-05-05_22:00:00;111723.9260
2027-05-05_23:00:00;102687.1720
2027-05-06_00:00:00;97031.3326
2027-05-06_01:00:00;92708.1354
2027-05-06_02:00:00;91315.7368
2027-05-06_03:00:00;91284.4845
2027-05-06_04:00:00;92772.5304
2027-05-06_05:00:00;93525.9699
2027-05-06_06:00:00;101698.7082
2027-05-06_07:00:00;112147.9629
2027-05-06_08:00:00;120491.7385
2027-05-06_09:00:00;123177.1701
2027-05-06_10:00:00;127791.3905
2027-05-06_11:00:00;128518.9605
2027-05-06_12:00:00;122071.3660
2027-05-06_13:00:00;116708.1269
2027-05-06_14:00:00;111852.2252
2027-05-06_15:00:00;111875.0535
2027-05-06_16:00:00;112251.2629
2027-05-06_17:00:00;108346.8049
2027-05-06_18:00:00;105200.7245
2027-05-06_19:00:00;104946.1375
2027-05-06_20:00:00;108473.3168
2027-05-06_21:00:00;109829.5689
2027-05-06_22:00:00;106052.0347
2027-05-06_23:00:00;101615.0435
2027-05-07_00:00:00;98225.4472
2027-05-07_01:00:00;95737.6492
2027-05-07_02:00:00;92353.8704
2027-05-07_03:00:00;93297.4496
2027-05-07_04:00:00;98231.9942
2027-05-07_05:00:00;104171.3115
2027-05-07_06:00:00;112341.2393
2027-05-07_07:00:00;122618.7669
2027-05-07_08:00:00;128737.0439
2027-05-07_09:00:00;134189.0658
2027-05-07_10:00:00;139418.9867
2027-05-07_11:00:00;142748.3914
2027-05-07_12:00:00;139482.3985
2027-05-07_13:00:00;135366.9318
2027-05-07_14:00:00;131695.7397
2027-05-07_15:00:00;128123.0581
2027-05-07_16:00:00;123010.8706
2027-05-07_17:00:00;117635.7424
2027-05-07_18:00:00;112256.9897
2027-05-07_19:00:00;112570.3198
2027-05-07_20:00:00;114734.8608
2027-05-07_21:00:00;114815.1005
2027-05-07_22:00:00;107799.7010
2027-05-07_23:00:00;99023.1959
2027-05-08_00:00:00;93936.4044
2027-05-08_01:00:00;92256.7537
2027-05-08_02:00:00;90041.8395
2027-05-08_03:00:00;90240.0183
2027-05-08_04:00:00;90636.2026
2027-05-08_05:00:00;92234.7104
2027-05-08_06:00:00;99478.3334
2027-05-08_07:00:00;110268.4853
2027-05-08_08:00:00;117493.6770
2027-05-08_09:00:00;121256.4173
2027-05-08_10:00:00;125758.0746
2027-05-08_11:00:00;128159.9413
2027-05-08_12:00:00;129008.4120
2027-05-08_13:00:00;123705.3316
2027-05-08_14:00:00;118203.4461
2027-05-08_15:00:00;113893.4438
2027-05-08_16:00:00;111658.9251
2027-05-08_17:00:00;107991.0324
2027-05-08_18:00:00;104864.9911
2027-05-08_19:00:00;105774.6830
2027-05-08_20:00:00;109547.1321
2027-05-08_21:00:00;106399.8136
2027-05-08_22:00:00;105216.7645
2027-05-08_23:00:00;97898.7785
2027-05-09_00:00:00;91543.4947
2027-05-09_01:00:00;88457.9584
2027-05-09_02:00:00;85573.1482
2027-05-09_03:00:00;84528.0573
2027-05-09_04:00:00;83620.4052
2027-05-09_05:00:00;85078.9152
2027-05-09_06:00:00;92315.7840
2027-05-09_07:00:00;100526.0402
2027-05-09_08:00:00;109808.3805
2027-05-09_09:00:00;119540.2987
2027-05-09_10:00:00;122877.0587
2027-05-09_11:00:00;122393.3667
2027-05-09_12:00:00;117168.0313
2027-05-09_13:00:00;113845.9704
2027-05-09_14:00:00;112615.6142
2027-05-09_15:00:00;113329.9267
2027-05-09_16:00:00;111855.0003
2027-05-09_17:00:00;110229.6200
2027-05-09_18:00:00;107781.4958
2027-05-09_19:00:00;108134.8201
2027-05-09_20:00:00;109222.5927
2027-05-09_21:00:00;109878.2264
2027-05-09_22:00:00;105525.4611
2027-05-09_23:00:00;101482.8281
2027-05-10_00:00:00;96388.3220
2027-05-10_01:00:00;92997.3604
2027-05-10_02:00:00;90842.5157
2027-05-10_03:00:00;93136.3731
2027-05-10_04:00:00;102176.5660
2027-05-10_05:00:00;117848.6497
2027-05-10_06:00:00;131245.1603
2027-05-10_07:00:00;140660.0248
2027-05-10_08:00:00;148891.3126
2027-05-10_09:00:00;156298.0202
2027-05-10_10:00:00;164004.2207
2027-05-10_11:00:00;161313.9923
2027-05-10_12:00:00;159116.4342
2027-05-10_13:00:00;155570.5908
2027-05-10_14:00:00;156390.1885
2027-05-10_15:00:00;150465.1518
2027-05-10_16:00:00;144195.2412
2027-05-10_17:00:00;140689.6832
2027-05-10_18:00:00;135049.7931
2027-05-10_19:00:00;130236.8503
2027-05-10_20:00:00;130782.5772
2027-05-10_21:00:00;124009.8388
2027-05-10_22:00:00;118848.0786
2027-05-10_23:00:00;109406.6066
2027-05-11_00:00:00;104672.2638
2027-05-11_01:00:00;101765.9568
2027-05-11_02:00:00;98826.9122
2027-05-11_03:00:00;99818.4442
2027-05-11_04:00:00;107889.9380
2027-05-11_05:00:00;123973.1577
2027-05-11_06:00:00;139184.5174
2027-05-11_07:00:00;143592.3965
2027-05-11_08:00:00;148860.4076
2027-05-11_09:00:00;154054.5877
2027-05-11_10:00:00;157642.1701
2027-05-11_11:00:00;158439.1458
2027-05-11_12:00:00;156325.9814
2027-05-11_13:00:00;150814.9208
2027-05-11_14:00:00;147232.5598
2027-05-11_15:00:00;144393.2861
2027-05-11_16:00:00;140617.3889
2027-05-11_17:00:00;137135.5766
2027-05-11_18:00:00;134529.0626
2027-05-11_19:00:00;130342.3911
2027-05-11_20:00:00;129237.1243
2027-05-11_21:00:00;124830.5363
2027-05-11_22:00:00;114612.1183
2027-05-11_23:00:00;107812.8879
2027-05-12_00:00:00;101150.9125
2027-05-12_01:00:00;95836.6750
2027-05-12_02:00:00;91920.3305
2027-05-12_03:00:00;94112.3349
2027-05-12_04:00:00;101987.8473
2027-05-12_05:00:00;117616.6859
2027-05-12_06:00:00;132363.2540
2027-05-12_07:00:00;140494.8140
2027-05-12_08:00:00;146468.8137
2027-05-12_09:00:00;154264.2175
2027-05-12_10:00:00;158256.0931
2027-05-12_11:00:00;157690.2483
2027-05-12_12:00:00;157764.2551
2027-05-12_13:00:00;154768.3760
2027-05-12_14:00:00;151633.1005
2027-05-12_15:00:00;148878.1522
2027-05-12_16:00:00;143734.4036
2027-05-12_17:00:00;141351.2496
2027-05-12_18:00:00;136811.5643
2027-05-12_19:00:00;133439.0990
2027-05-12_20:00:00;132791.5457
2027-05-12_21:00:00;127203.9287
2027-05-12_22:00:00;119979.9364
2027-05-12_23:00:00;111910.2204
2027-05-13_00:00:00;106909.3360
2027-05-13_01:00:00;103233.4427
2027-05-13_02:00:00;100751.4840
2027-05-13_03:00:00;101290.0029
2027-05-13_04:00:00;110155.6644
2027-05-13_05:00:00;127839.8806
2027-05-13_06:00:00;139842.2512
2027-05-13_07:00:00;149667.5237
2027-05-13_08:00:00;151067.7682
2027-05-13_09:00:00;155890.4940
2027-05-13_10:00:00;159962.2663
2027-05-13_11:00:00;159632.5685
2027-05-13_12:00:00;158302.7125
2027-05-13_13:00:00;154513.6858
2027-05-13_14:00:00;149719.2362
2027-05-13_15:00:00;147390.3783
2027-05-13_16:00:00;144955.1261
2027-05-13_17:00:00;141526.6834
2027-05-13_18:00:00;136494.8866
2027-05-13_19:00:00;131413.8425
2027-05-13_20:00:00;128442.5396
2027-05-13_21:00:00;123558.0100
2027-05-13_22:00:00;113636.6409
2027-05-13_23:00:00;104040.3405
2027-05-14_00:00:00;98646.3484
2027-05-14_01:00:00;95066.0144
2027-05-14_02:00:00;93323.6469
2027-05-14_03:00:00;93492.5091
2027-05-14_04:00:00;100214.8116
2027-05-14_05:00:00;113243.9777
2027-05-14_06:00:00;126537.2684
2027-05-14_07:00:00;134318.9246
2027-05-14_08:00:00;139258.3489
2027-05-14_09:00:00;143675.1398
2027-05-14_10:00:00;148312.4620
2027-05-14_11:00:00;145940.6462
2027-05-14_12:00:00;144948.5239
2027-05-14_13:00:00;142136.4884
2027-05-14_14:00:00;138514.6790
2027-05-14_15:00:00;138028.8745
2027-05-14_16:00:00;136255.4624
2027-05-14_17:00:00;132237.9111
2027-05-14_18:00:00;124788.4849
2027-05-14_19:00:00;119386.3307
2027-05-14_20:00:00;116832.3245
2027-05-14_21:00:00;113760.2156
2027-05-14_22:00:00;108146.0910
2027-05-14_23:00:00;99683.5390
2027-05-15_00:00:00;95533.7728
2027-05-15_01:00:00;92103.3260
2027-05-15_02:00:00;91068.7814
2027-05-15_03:00:00;91744.4693
2027-05-15_04:00:00;92899.5443
2027-05-15_05:00:00;97131.4123
2027-05-15_06:00:00;107512.7547
2027-05-15_07:00:00;117217.9108
2027-05-15_08:00:00;124430.2712
2027-05-15_09:00:00;127950.3024
2027-05-15_10:00:00;131284.1739
2027-05-15_11:00:00;131641.5364
2027-05-15_12:00:00;127095.5114
2027-05-15_13:00:00;122949.0792
2027-05-15_14:00:00;121448.6132
2027-05-15_15:00:00;118906.7860
2027-05-15_16:00:00;116932.4540
2027-05-15_17:00:00;115939.1192
2027-05-15_18:00:00;113180.2378
2027-05-15_19:00:00;112685.4862
2027-05-15_20:00:00;108966.3726
2027-05-15_21:00:00;109334.4223
2027-05-15_22:00:00;103926.9847
2027-05-15_23:00:00;96900.5703
2027-05-16_00:00:00;91927.9977
2027-05-16_01:00:00;89614.5189
2027-05-16_02:00:00;86998.2541
2027-05-16_03:00:00;85824.9436
2027-05-16_04:00:00;84400.9055
2027-05-16_05:00:00;88889.5029
2027-05-16_06:00:00;95215.0870
2027-05-16_07:00:00;103944.6608
2027-05-16_08:00:00;111986.2185
2027-05-16_09:00:00;119632.5173
2027-05-16_10:00:00;123379.6393
2027-05-16_11:00:00;122286.3710
2027-05-16_12:00:00;120964.5412
2027-05-16_13:00:00;117936.5145
2027-05-16_14:00:00;115258.3151
2027-05-16_15:00:00;112492.5558
2027-05-16_16:00:00;112230.2771
2027-05-16_17:00:00;111240.9191
2027-05-16_18:00:00;110024.5818
2027-05-16_19:00:00;106400.1536
2027-05-16_20:00:00;104807.4429
2027-05-16_21:00:00;103527.8734
2027-05-16_22:00:00;97508.4696
2027-05-16_23:00:00;92161.9715
2027-05-17_00:00:00;91868.7405
2027-05-17_01:00:00;92084.8863
2027-05-17_02:00:00;90153.1906
2027-05-17_03:00:00;89942.6377
2027-05-17_04:00:00;91894.3658
2027-05-17_05:00:00;94724.4929
2027-05-17_06:00:00;102280.8881
2027-05-17_07:00:00;107940.1014
2027-05-17_08:00:00;113782.0307
2027-05-17_09:00:00;119136.7554
2027-05-17_10:00:00;122756.5353
2027-05-17_11:00:00;124055.3629
2027-05-17_12:00:00;121537.0107
2027-05-17_13:00:00;118481.3376
2027-05-17_14:00:00;117404.2255
2027-05-17_15:00:00;116241.6057
2027-05-17_16:00:00;115352.0924
2027-05-17_17:00:00;113082.6597
2027-05-17_18:00:00;111294.8223
2027-05-17_19:00:00;107623.5228
2027-05-17_20:00:00;107276.6945
2027-05-17_21:00:00;106371.3037
2027-05-17_22:00:00;102383.2809
2027-05-17_23:00:00;97179.4185
2027-05-18_00:00:00;92604.4133
2027-05-18_01:00:00;93432.0367
2027-05-18_02:00:00;95221.8350
2027-05-18_03:00:00;98088.7955
2027-05-18_04:00:00;105627.0598
2027-05-18_05:00:00;119891.9788
2027-05-18_06:00:00;134990.4975
2027-05-18_07:00:00;143463.2197
2027-05-18_08:00:00;147509.5419
2027-05-18_09:00:00;150044.3038
2027-05-18_10:00:00;152649.5127
2027-05-18_11:00:00;151885.6182
2027-05-18_12:00:00;149228.8954
2027-05-18_13:00:00;147202.8221
2027-05-18_14:00:00;144271.3413
2027-05-18_15:00:00;141319.6140
2027-05-18_16:00:00;137421.9231
2027-05-18_17:00:00;135068.9343
2027-05-18_18:00:00;130351.9157
2027-05-18_19:00:00;124066.6417
2027-05-18_20:00:00;120982.2318
2027-05-18_21:00:00;119349.7928
2027-05-18_22:00:00;111399.6242
2027-05-18_23:00:00;103125.8155
2027-05-19_00:00:00;99823.6503
2027-05-19_01:00:00;96832.6392
2027-05-19_02:00:00;94733.3840
2027-05-19_03:00:00;97233.3989
2027-05-19_04:00:00;106503.1544
2027-05-19_05:00:00;119950.1251
2027-05-19_06:00:00;131923.4119
2027-05-19_07:00:00;142031.4561
2027-05-19_08:00:00;146864.2585
2027-05-19_09:00:00;145927.7989
2027-05-19_10:00:00;149575.8329
2027-05-19_11:00:00;150135.3884
2027-05-19_12:00:00;146604.7131
2027-05-19_13:00:00;143319.1394
2027-05-19_14:00:00;139415.6888
2027-05-19_15:00:00;135505.1197
2027-05-19_16:00:00;130956.8960
2027-05-19_17:00:00;131542.3009
2027-05-19_18:00:00;126385.7144
2027-05-19_19:00:00;121940.6822
2027-05-19_20:00:00;123725.7804
2027-05-19_21:00:00;119833.1164
2027-05-19_22:00:00;113452.6884
2027-05-19_23:00:00;106457.5194
2027-05-20_00:00:00;100802.4857
2027-05-20_01:00:00;96878.0202
2027-05-20_02:00:00;94440.5725
2027-05-20_03:00:00;95220.1351
2027-05-20_04:00:00;103691.1246
2027-05-20_05:00:00;118619.2338
2027-05-20_06:00:00;129804.8097
2027-05-20_07:00:00;136962.3694
2027-05-20_08:00:00;138622.7556
2027-05-20_09:00:00;140756.6461
2027-05-20_10:00:00;141893.0986
2027-05-20_11:00:00;140973.5587
2027-05-20_12:00:00;141171.5385
2027-05-20_13:00:00;137736.1923
2027-05-20_14:00:00;135354.5527
2027-05-20_15:00:00;130127.8398
2027-05-20_16:00:00;128272.8135
2027-05-20_17:00:00;126596.8887
2027-05-20_18:00:00;123473.4131
2027-05-20_19:00:00;120241.8548
2027-05-20_20:00:00;120502.4586
2027-05-20_21:00:00;118774.0773
2027-05-20_22:00:00;112603.6899
2027-05-20_23:00:00;106261.9499
2027-05-21_00:00:00;101276.1225
2027-05-21_01:00:00;100328.1238
2027-05-21_02:00:00;100107.2232
2027-05-21_03:00:00;103677.5079
2027-05-21_04:00:00;109538.7240
2027-05-21_05:00:00;124754.9431
2027-05-21_06:00:00;135822.8135
2027-05-21_07:00:00;143229.4434
2027-05-21_08:00:00;148069.3630
2027-05-21_09:00:00;154663.6787
2027-05-21_10:00:00;157213.6396
2027-05-21_11:00:00;156455.3842
2027-05-21_12:00:00;153472.6859
2027-05-21_13:00:00;147805.8048
2027-05-21_14:00:00;143516.9607
2027-05-21_15:00:00;139375.7602
2027-05-21_16:00:00;136301.7559
2027-05-21_17:00:00;132939.1803
2027-05-21_18:00:00;127303.5640
2027-05-21_19:00:00;122069.7019
2027-05-21_20:00:00;120166.3754
2027-05-21_21:00:00;116633.2301
2027-05-21_22:00:00;111098.6652
2027-05-21_23:00:00;99670.8407
2027-05-22_00:00:00;91606.3993
2027-05-22_01:00:00;90510.7141
2027-05-22_02:00:00;89706.5783
2027-05-22_03:00:00;89139.9145
2027-05-22_04:00:00;88685.8646
2027-05-22_05:00:00;94521.9947
2027-05-22_06:00:00;103331.4108
2027-05-22_07:00:00;110256.2111
2027-05-22_08:00:00;117082.5144
2027-05-22_09:00:00;123460.4207
2027-05-22_10:00:00;126637.5023
2027-05-22_11:00:00;125600.7990
2027-05-22_12:00:00;122991.6153
2027-05-22_13:00:00;118253.9894
2027-05-22_14:00:00;114219.5474
2027-05-22_15:00:00;110990.4762
2027-05-22_16:00:00;107298.8642
2027-05-22_17:00:00;102945.3882
2027-05-22_18:00:00;98580.1329
2027-05-22_19:00:00;94829.1841
2027-05-22_20:00:00;97329.0638
2027-05-22_21:00:00;96772.4911
2027-05-22_22:00:00;93424.3242
2027-05-22_23:00:00;90494.9427
2027-05-23_00:00:00;84649.2029
2027-05-23_01:00:00;82631.4969
2027-05-23_02:00:00;82125.2570
2027-05-23_03:00:00;81370.8918
2027-05-23_04:00:00;81138.3088
2027-05-23_05:00:00;83157.9413
2027-05-23_06:00:00;90822.6260
2027-05-23_07:00:00;99436.0435
2027-05-23_08:00:00;107005.9100
2027-05-23_09:00:00;115545.8944
2027-05-23_10:00:00;124226.2706
2027-05-23_11:00:00;127257.5698
2027-05-23_12:00:00;124696.9314
2027-05-23_13:00:00;119637.2536
2027-05-23_14:00:00;112011.4141
2027-05-23_15:00:00;105488.8788
2027-05-23_16:00:00;103764.3910
2027-05-23_17:00:00;103741.4991
2027-05-23_18:00:00;101420.2703
2027-05-23_19:00:00;99062.5240
2027-05-23_20:00:00;100652.6461
2027-05-23_21:00:00;102492.9016
2027-05-23_22:00:00;96580.4499
2027-05-23_23:00:00;94793.0505
2027-05-24_00:00:00;89416.1241
2027-05-24_01:00:00;86007.8020
2027-05-24_02:00:00;84275.9167
2027-05-24_03:00:00;86656.6169
2027-05-24_04:00:00;97669.0006
2027-05-24_05:00:00;115912.7105
2027-05-24_06:00:00;131742.3354
2027-05-24_07:00:00;138368.0045
2027-05-24_08:00:00;142123.7717
2027-05-24_09:00:00;145347.8543
2027-05-24_10:00:00;147177.4835
2027-05-24_11:00:00;146651.0649
2027-05-24_12:00:00;145278.5369
2027-05-24_13:00:00;143472.9195
2027-05-24_14:00:00;141583.5767
2027-05-24_15:00:00;138872.5375
2027-05-24_16:00:00;137316.6792
2027-05-24_17:00:00;135527.3689
2027-05-24_18:00:00;135780.6918
2027-05-24_19:00:00;130399.2267
2027-05-24_20:00:00;130190.9639
2027-05-24_21:00:00;127371.4719
2027-05-24_22:00:00;117441.4314
2027-05-24_23:00:00;109016.7440
2027-05-25_00:00:00;105058.2994
2027-05-25_01:00:00;102763.7206
2027-05-25_02:00:00;101091.2554
2027-05-25_03:00:00;102561.2868
2027-05-25_04:00:00;109198.1974
2027-05-25_05:00:00;127065.3325
2027-05-25_06:00:00;139251.9329
2027-05-25_07:00:00;145810.9981
2027-05-25_08:00:00;145544.2778
2027-05-25_09:00:00;146132.0109
2027-05-25_10:00:00;148847.0049
2027-05-25_11:00:00;146537.1260
2027-05-25_12:00:00;143661.1582
2027-05-25_13:00:00;141142.8863
2027-05-25_14:00:00;139853.2103
2027-05-25_15:00:00;137595.4324
2027-05-25_16:00:00;137052.1488
2027-05-25_17:00:00;134144.0433
2027-05-25_18:00:00;133063.5110
2027-05-25_19:00:00;129523.4988
2027-05-25_20:00:00;126448.2483
2027-05-25_21:00:00;122207.4912
2027-05-25_22:00:00;111474.0771
2027-05-25_23:00:00;102946.5054
2027-05-26_00:00:00;97141.7927
2027-05-26_01:00:00;93529.5484
2027-05-26_02:00:00;91685.7808
2027-05-26_03:00:00;94301.7458
2027-05-26_04:00:00;102706.1767
2027-05-26_05:00:00;120427.2969
2027-05-26_06:00:00;133343.4829
2027-05-26_07:00:00;140801.9418
2027-05-26_08:00:00;142185.1553
2027-05-26_09:00:00;144142.2648
2027-05-26_10:00:00;146177.0117
2027-05-26_11:00:00;143850.8567
2027-05-26_12:00:00;142851.4874
2027-05-26_13:00:00;142318.5804
2027-05-26_14:00:00;141195.9753
2027-05-26_15:00:00;137149.5789
2027-05-26_16:00:00;134953.8326
2027-05-26_17:00:00;131624.4453
2027-05-26_18:00:00;126268.4144
2027-05-26_19:00:00;123701.3467
2027-05-26_20:00:00;122215.9981
2027-05-26_21:00:00;119861.9086
2027-05-26_22:00:00;111561.6798
2027-05-26_23:00:00;101744.4187
2027-05-27_00:00:00;95028.0840
2027-05-27_01:00:00;91454.7956
2027-05-27_02:00:00;90068.7448
2027-05-27_03:00:00;89579.3805
2027-05-27_04:00:00;93178.2704
2027-05-27_05:00:00;106862.7664
2027-05-27_06:00:00;117540.3297
2027-05-27_07:00:00;123957.9302
2027-05-27_08:00:00;129273.1856
2027-05-27_09:00:00;135848.4221
2027-05-27_10:00:00;138230.4379
2027-05-27_11:00:00;137919.9479
2027-05-27_12:00:00;134815.0213
2027-05-27_13:00:00;131702.6969
2027-05-27_14:00:00;128378.1479
2027-05-27_15:00:00;125263.7140
2027-05-27_16:00:00;123479.7074
2027-05-27_17:00:00;121913.8419
2027-05-27_18:00:00;118963.5759
2027-05-27_19:00:00;116459.8170
2027-05-27_20:00:00;114129.2120
2027-05-27_21:00:00;110800.4838
2027-05-27_22:00:00;104346.0019
2027-05-27_23:00:00;92439.5840
2027-05-28_00:00:00;88480.5608
2027-05-28_01:00:00;86881.0420
2027-05-28_02:00:00;85604.3813
2027-05-28_03:00:00;86147.0018
2027-05-28_04:00:00;90787.6326
2027-05-28_05:00:00;108779.9409
2027-05-28_06:00:00;120659.3338
2027-05-28_07:00:00;128794.2972
2027-05-28_08:00:00;132735.0240
2027-05-28_09:00:00;134791.9362
2027-05-28_10:00:00;136682.3884
2027-05-28_11:00:00;137674.7846
2027-05-28_12:00:00;138861.6249
2027-05-28_13:00:00;137645.9262
2027-05-28_14:00:00;132868.7477
2027-05-28_15:00:00;128615.0244
2027-05-28_16:00:00;125641.0278
2027-05-28_17:00:00;120571.1774
2027-05-28_18:00:00;118018.4883
2027-05-28_19:00:00;113591.4776
2027-05-28_20:00:00;112658.5577
2027-05-28_21:00:00;110173.9105
2027-05-28_22:00:00;106582.2967
2027-05-28_23:00:00;95986.2446
2027-05-29_00:00:00;89841.1163
2027-05-29_01:00:00;86798.7380
2027-05-29_02:00:00;84287.4117
2027-05-29_03:00:00;84199.2545
2027-05-29_04:00:00;84139.7579
2027-05-29_05:00:00;91877.1933
2027-05-29_06:00:00;98549.7693
2027-05-29_07:00:00;105599.6374
2027-05-29_08:00:00;112201.5606
2027-05-29_09:00:00;116793.6247
2027-05-29_10:00:00;119831.8195
2027-05-29_11:00:00;122734.5438
2027-05-29_12:00:00;120511.3196
2027-05-29_13:00:00;119069.1586
2027-05-29_14:00:00;114235.6397
2027-05-29_15:00:00;110341.3660
2027-05-29_16:00:00;111534.4693
2027-05-29_17:00:00;109661.9598
2027-05-29_18:00:00;106749.2411
2027-05-29_19:00:00;104863.1945
2027-05-29_20:00:00;104772.2398
2027-05-29_21:00:00;101630.1457
2027-05-29_22:00:00;97921.0228
2027-05-29_23:00:00;91351.0521
2027-05-30_00:00:00;85090.9056
2027-05-30_01:00:00;80339.4591
2027-05-30_02:00:00;79404.7972
2027-05-30_03:00:00;75864.3260
2027-05-30_04:00:00;73683.1759
2027-05-30_05:00:00;78941.9595
2027-05-30_06:00:00;86284.5618
2027-05-30_07:00:00;93881.9427
2027-05-30_08:00:00;101048.0047
2027-05-30_09:00:00;106800.7609
2027-05-30_10:00:00;111733.3130
2027-05-30_11:00:00;112368.4526
2027-05-30_12:00:00;109476.0953
2027-05-30_13:00:00;107530.1654
2027-05-30_14:00:00;104343.6666
2027-05-30_15:00:00;103562.0332
2027-05-30_16:00:00;107265.8833
2027-05-30_17:00:00;112919.5627
2027-05-30_18:00:00;113513.5481
2027-05-30_19:00:00;110908.0887
2027-05-30_20:00:00;110978.7928
2027-05-30_21:00:00;112030.6047
2027-05-30_22:00:00;106491.8190
2027-05-30_23:00:00;93432.7396
2027-05-31_00:00:00;86733.2589
2027-05-31_01:00:00;84335.4670
2027-05-31_02:00:00;84736.4694
2027-05-31_03:00:00;87110.3561
2027-05-31_04:00:00;95630.1178
2027-05-31_05:00:00;116579.7089
2027-05-31_06:00:00;129091.2341
2027-05-31_07:00:00;136673.8976
2027-05-31_08:00:00;140009.7230
2027-05-31_09:00:00;145528.8210
2027-05-31_10:00:00;149458.8715
2027-05-31_11:00:00;148933.0575
2027-05-31_12:00:00;148188.5202
2027-05-31_13:00:00;145157.4253
2027-05-31_14:00:00;142902.8432
2027-05-31_15:00:00;140174.1116
2027-05-31_16:00:00;136299.0158
2027-05-31_17:00:00;135123.1887
2027-05-31_18:00:00;132639.8513
2027-05-31_19:00:00;128145.8148
2027-05-31_20:00:00;122618.9225
2027-05-31_21:00:00;120379.3196
2027-05-31_22:00:00;112614.4934
2027-05-31_23:00:00;101888.7672
2027-06-01_00:00:00;94425.1930
2027-06-01_01:00:00;91451.7504
2027-06-01_02:00:00;90565.5778
2027-06-01_03:00:00;92054.3012
2027-06-01_04:00:00;100115.3327
2027-06-01_05:00:00;121581.0249
2027-06-01_06:00:00;134617.2498
2027-06-01_07:00:00;141889.6165
2027-06-01_08:00:00;148482.4636
2027-06-01_09:00:00;152781.7089
2027-06-01_10:00:00;154061.7707
2027-06-01_11:00:00;151732.9118
2027-06-01_12:00:00;151315.5997
2027-06-01_13:00:00;149642.2578
2027-06-01_14:00:00;145150.0161
2027-06-01_15:00:00;139873.5956
2027-06-01_16:00:00;137905.2446
2027-06-01_17:00:00;134653.4533
2027-06-01_18:00:00;130529.5328
2027-06-01_19:00:00;125344.6741
2027-06-01_20:00:00;122141.1936
2027-06-01_21:00:00;120027.1497
2027-06-01_22:00:00;112102.0340
2027-06-01_23:00:00;100096.2157
2027-06-02_00:00:00;93437.8719
2027-06-02_01:00:00;90902.6512
2027-06-02_02:00:00;89437.7969
2027-06-02_03:00:00;89602.8070
2027-06-02_04:00:00;97268.1114
2027-06-02_05:00:00;116702.9306
2027-06-02_06:00:00;129730.4156
2027-06-02_07:00:00;135600.8895
2027-06-02_08:00:00;137245.0398
2027-06-02_09:00:00;140136.9432
2027-06-02_10:00:00;143493.2250
2027-06-02_11:00:00;144423.4815
2027-06-02_12:00:00;143589.6936
2027-06-02_13:00:00;142288.4943
2027-06-02_14:00:00;141869.7568
2027-06-02_15:00:00;139695.2422
2027-06-02_16:00:00;140246.9711
2027-06-02_17:00:00;136966.8509
2027-06-02_18:00:00;135034.7469
2027-06-02_19:00:00;127640.2435
2027-06-02_20:00:00;125779.3583
2027-06-02_21:00:00;121459.7461
2027-06-02_22:00:00;112429.8466
2027-06-02_23:00:00;99236.5892
2027-06-03_00:00:00;91720.8611
2027-06-03_01:00:00;88193.1808
2027-06-03_02:00:00;85437.2824
2027-06-03_03:00:00;86382.4209
2027-06-03_04:00:00;93841.2704
2027-06-03_05:00:00;114012.6269
2027-06-03_06:00:00;129701.0355
2027-06-03_07:00:00;138178.0319
2027-06-03_08:00:00;140218.3845
2027-06-03_09:00:00;140814.0350
2027-06-03_10:00:00;142552.2802
2027-06-03_11:00:00;143842.9485
2027-06-03_12:00:00;143010.2025
2027-06-03_13:00:00;140281.4304
2027-06-03_14:00:00;138168.3877
2027-06-03_15:00:00;133011.5558
2027-06-03_16:00:00;131243.5764
2027-06-03_17:00:00;128531.4656
2027-06-03_18:00:00;127615.2562
2027-06-03_19:00:00;121804.2422
2027-06-03_20:00:00;119888.6911
2027-06-03_21:00:00;118596.8885
2027-06-03_22:00:00;108255.1324
2027-06-03_23:00:00;97738.1544
2027-06-04_00:00:00;91975.7819
2027-06-04_01:00:00;88965.3875
2027-06-04_02:00:00;86469.9163
2027-06-04_03:00:00;88090.9397
2027-06-04_04:00:00;95176.9705
2027-06-04_05:00:00;111587.9626
2027-06-04_06:00:00;130049.2155
2027-06-04_07:00:00;139827.2839
2027-06-04_08:00:00;141658.5787
2027-06-04_09:00:00;144045.3732
2027-06-04_10:00:00;146314.6574
2027-06-04_11:00:00;147403.9090
2027-06-04_12:00:00;145898.8673
2027-06-04_13:00:00;142419.4214
2027-06-04_14:00:00;139129.1820
2027-06-04_15:00:00;136254.8171
2027-06-04_16:00:00;135062.8639
2027-06-04_17:00:00;131841.5174
2027-06-04_18:00:00;126676.1215
2027-06-04_19:00:00;120157.0602
2027-06-04_20:00:00;116903.3479
2027-06-04_21:00:00;114419.3716
2027-06-04_22:00:00;108264.2503
2027-06-04_23:00:00;96737.9054
2027-06-05_00:00:00;92156.9748
2027-06-05_01:00:00;87706.0048
2027-06-05_02:00:00;84607.9030
2027-06-05_03:00:00;82803.3508
2027-06-05_04:00:00;81666.6069
2027-06-05_05:00:00;91453.6902
2027-06-05_06:00:00;101357.2840
2027-06-05_07:00:00;110178.8341
2027-06-05_08:00:00;119373.3218
2027-06-05_09:00:00;122839.4720
2027-06-05_10:00:00;128103.4518
2027-06-05_11:00:00;128693.1483
2027-06-05_12:00:00;126450.1052
2027-06-05_13:00:00;123906.2353
2027-06-05_14:00:00;120815.6250
2027-06-05_15:00:00;117299.0601
2027-06-05_16:00:00;115384.9325
2027-06-05_17:00:00;111845.7988
2027-06-05_18:00:00;105590.6136
2027-06-05_19:00:00;101753.0449
2027-06-05_20:00:00;100241.4610
2027-06-05_21:00:00;101675.6908
2027-06-05_22:00:00;96434.6641
2027-06-05_23:00:00;85519.8769
2027-06-06_00:00:00;82523.4557
2027-06-06_01:00:00;79084.3698
2027-06-06_02:00:00;77042.0621
2027-06-06_03:00:00;74245.0879
2027-06-06_04:00:00;73988.8042
2027-06-06_05:00:00;78795.2183
2027-06-06_06:00:00;86704.0534
2027-06-06_07:00:00;95454.5837
2027-06-06_08:00:00;101970.8066
2027-06-06_09:00:00;109457.2218
2027-06-06_10:00:00;113906.3602
2027-06-06_11:00:00;114040.7213
2027-06-06_12:00:00;109546.3507
2027-06-06_13:00:00;107649.7846
2027-06-06_14:00:00;104624.2872
2027-06-06_15:00:00;101529.5866
2027-06-06_16:00:00;102151.7748
2027-06-06_17:00:00;105094.1223
2027-06-06_18:00:00;104760.8982
2027-06-06_19:00:00;100537.2552
2027-06-06_20:00:00;99438.0405
2027-06-06_21:00:00;100629.1999
2027-06-06_22:00:00;95839.9617
2027-06-06_23:00:00;89245.5795
2027-06-07_00:00:00;85591.2018
2027-06-07_01:00:00;83226.7229
2027-06-07_02:00:00;82613.9419
2027-06-07_03:00:00;83305.5762
2027-06-07_04:00:00;92041.7221
2027-06-07_05:00:00;111291.2242
2027-06-07_06:00:00;127480.2375
2027-06-07_07:00:00;136129.9685
2027-06-07_08:00:00;142151.0576
2027-06-07_09:00:00;146969.0527
2027-06-07_10:00:00;150572.7357
2027-06-07_11:00:00;153831.9139
2027-06-07_12:00:00;153860.3183
2027-06-07_13:00:00;151547.7991
2027-06-07_14:00:00;145941.5930
2027-06-07_15:00:00;139604.6240
2027-06-07_16:00:00;134996.5733
2027-06-07_17:00:00;132251.4833
2027-06-07_18:00:00;128769.2763
2027-06-07_19:00:00;123118.5591
2027-06-07_20:00:00;118810.5341
2027-06-07_21:00:00;117817.9892
2027-06-07_22:00:00;111648.5500
2027-06-07_23:00:00;102999.6439
2027-06-08_00:00:00;96816.0160
2027-06-08_01:00:00;92831.6208
2027-06-08_02:00:00;90590.3370
2027-06-08_03:00:00;89709.5008
2027-06-08_04:00:00;96717.8790
2027-06-08_05:00:00;115160.4258
2027-06-08_06:00:00;130205.6169
2027-06-08_07:00:00;141195.4266
2027-06-08_08:00:00;147330.5001
2027-06-08_09:00:00;150945.1204
2027-06-08_10:00:00;153630.9886
2027-06-08_11:00:00;153900.6692
2027-06-08_12:00:00;152537.4839
2027-06-08_13:00:00;150709.9197
2027-06-08_14:00:00;146788.7539
2027-06-08_15:00:00;141664.8929
2027-06-08_16:00:00;138398.9762
2027-06-08_17:00:00;133642.9243
2027-06-08_18:00:00;128941.6919
2027-06-08_19:00:00;123662.3958
2027-06-08_20:00:00;120617.9443
2027-06-08_21:00:00;117466.7245
2027-06-08_22:00:00;111906.4933
2027-06-08_23:00:00;99989.7728
2027-06-09_00:00:00;95592.9880
2027-06-09_01:00:00;92831.2160
2027-06-09_02:00:00;90360.2551
2027-06-09_03:00:00;90432.5277
2027-06-09_04:00:00;97437.9646
2027-06-09_05:00:00;113926.4653
2027-06-09_06:00:00;131008.2547
2027-06-09_07:00:00;139160.8862
2027-06-09_08:00:00;144072.0758
2027-06-09_09:00:00;149223.5236
2027-06-09_10:00:00;153206.7316
2027-06-09_11:00:00;153569.3034
2027-06-09_12:00:00;153447.9931
2027-06-09_13:00:00;151224.9709
2027-06-09_14:00:00;148450.2058
2027-06-09_15:00:00;144092.5874
2027-06-09_16:00:00;140090.3351
2027-06-09_17:00:00;138586.2915
2027-06-09_18:00:00;134432.3419
2027-06-09_19:00:00;128499.7178
2027-06-09_20:00:00;126206.8392
2027-06-09_21:00:00;123011.8029
2027-06-09_22:00:00;115340.4433
2027-06-09_23:00:00;102491.0891
2027-06-10_00:00:00;97680.1128
2027-06-10_01:00:00;94567.4967
2027-06-10_02:00:00;92614.8283
2027-06-10_03:00:00;92928.3971
2027-06-10_04:00:00;99689.6391
2027-06-10_05:00:00;116855.3648
2027-06-10_06:00:00;129858.5930
2027-06-10_07:00:00;136022.6846
2027-06-10_08:00:00;141558.6335
2027-06-10_09:00:00;143359.0305
2027-06-10_10:00:00;147429.5867
2027-06-10_11:00:00;149105.6490
2027-06-10_12:00:00;148880.6800
2027-06-10_13:00:00;148742.2443
2027-06-10_14:00:00;145087.3788
2027-06-10_15:00:00;140020.8237
2027-06-10_16:00:00;137422.8539
2027-06-10_17:00:00;135845.3254
2027-06-10_18:00:00;132892.7815
2027-06-10_19:00:00;126416.4036
2027-06-10_20:00:00;122601.7205
2027-06-10_21:00:00;122594.6352
2027-06-10_22:00:00;112402.4886
2027-06-10_23:00:00;104944.4621
2027-06-11_00:00:00;99593.8266
2027-06-11_01:00:00;96678.7081
2027-06-11_02:00:00;95357.2242
2027-06-11_03:00:00;97047.7923
2027-06-11_04:00:00;100089.9192
2027-06-11_05:00:00;116950.2195
2027-06-11_06:00:00;131210.4242
2027-06-11_07:00:00;141371.2504
2027-06-11_08:00:00;146931.8326
2027-06-11_09:00:00;151386.7835
2027-06-11_10:00:00;154611.6818
2027-06-11_11:00:00;152589.9036
2027-06-11_12:00:00;148457.4950
2027-06-11_13:00:00;146329.8451
2027-06-11_14:00:00;144925.8201
2027-06-11_15:00:00;139592.8444
2027-06-11_16:00:00;134754.6592
2027-06-11_17:00:00;128686.9885
2027-06-11_18:00:00;123029.3306
2027-06-11_19:00:00;115249.9551
2027-06-11_20:00:00;111532.0612
2027-06-11_21:00:00;111288.2875
2027-06-11_22:00:00;104106.6428
2027-06-11_23:00:00;96845.6168
2027-06-12_00:00:00;93345.4013
2027-06-12_01:00:00;90867.7465
2027-06-12_02:00:00;84672.8969
2027-06-12_03:00:00;82619.5594
2027-06-12_04:00:00;81761.8054
2027-06-12_05:00:00;88940.7737
2027-06-12_06:00:00;99286.3311
2027-06-12_07:00:00;107687.1714
2027-06-12_08:00:00;114729.0324
2027-06-12_09:00:00;117273.5430
2027-06-12_10:00:00;118512.5885
2027-06-12_11:00:00;118441.1212
2027-06-12_12:00:00;117053.9247
2027-06-12_13:00:00;113449.4877
2027-06-12_14:00:00;110308.2524
2027-06-12_15:00:00;109034.3204
2027-06-12_16:00:00;106586.5030
2027-06-12_17:00:00;106708.1301
2027-06-12_18:00:00;103778.8994
2027-06-12_19:00:00;101505.0415
2027-06-12_20:00:00;99208.5807
2027-06-12_21:00:00;98987.7082
2027-06-12_22:00:00;94559.4337
2027-06-12_23:00:00;86783.1658
2027-06-13_00:00:00;81986.7683
2027-06-13_01:00:00;80706.0346
2027-06-13_02:00:00;78679.1431
2027-06-13_03:00:00;77371.3929
2027-06-13_04:00:00;75061.1036
2027-06-13_05:00:00;77424.5073
2027-06-13_06:00:00;84141.9947
2027-06-13_07:00:00;91162.2744
2027-06-13_08:00:00;98496.1466
2027-06-13_09:00:00;101797.1958
2027-06-13_10:00:00;105888.8090
2027-06-13_11:00:00;107848.4755
2027-06-13_12:00:00;104064.9249
2027-06-13_13:00:00;101769.1997
2027-06-13_14:00:00;100312.6215
2027-06-13_15:00:00;98618.7837
2027-06-13_16:00:00;102065.7894
2027-06-13_17:00:00;103562.4961
2027-06-13_18:00:00;103128.7447
2027-06-13_19:00:00;101998.1314
2027-06-13_20:00:00;101589.3446
2027-06-13_21:00:00;101263.5995
2027-06-13_22:00:00;98526.9338
2027-06-13_23:00:00;91440.8412
2027-06-14_00:00:00;87540.2245
2027-06-14_01:00:00;83771.2533
2027-06-14_02:00:00;82901.6154
2027-06-14_03:00:00;85458.2735
2027-06-14_04:00:00;93276.7994
2027-06-14_05:00:00;110825.7718
2027-06-14_06:00:00;125346.5007
2027-06-14_07:00:00;134357.7766
2027-06-14_08:00:00;138094.8095
2027-06-14_09:00:00;140134.3783
2027-06-14_10:00:00;142961.9422
2027-06-14_11:00:00;142201.9115
2027-06-14_12:00:00;142957.7897
2027-06-14_13:00:00;143426.8853
2027-06-14_14:00:00;141570.4114
2027-06-14_15:00:00;137242.0072
2027-06-14_16:00:00;134746.1086
2027-06-14_17:00:00;133248.6888
2027-06-14_18:00:00;129113.1425
2027-06-14_19:00:00;124481.7329
2027-06-14_20:00:00;122391.3534
2027-06-14_21:00:00;119608.8139
2027-06-14_22:00:00;110702.5262
2027-06-14_23:00:00;99728.2639
2027-06-15_00:00:00;94919.7024
2027-06-15_01:00:00;92281.6768
2027-06-15_02:00:00;91647.2187
2027-06-15_03:00:00;92221.9437
2027-06-15_04:00:00;98770.1574
2027-06-15_05:00:00;118724.4328
2027-06-15_06:00:00;133229.4638
2027-06-15_07:00:00;139191.7843
2027-06-15_08:00:00;141585.2223
2027-06-15_09:00:00;144934.5074
2027-06-15_10:00:00;146753.1571
2027-06-15_11:00:00;147759.3363
2027-06-15_12:00:00;147629.8789
2027-06-15_13:00:00;145368.3040
2027-06-15_14:00:00;141455.0679
2027-06-15_15:00:00;137173.2148
2027-06-15_16:00:00;134909.7143
2027-06-15_17:00:00;132309.2260
2027-06-15_18:00:00;128925.4942
2027-06-15_19:00:00;120475.6088
2027-06-15_20:00:00;119875.9349
2027-06-15_21:00:00;118495.8988
2027-06-15_22:00:00;112420.6721
2027-06-15_23:00:00;102714.5122
2027-06-16_00:00:00;96519.7304
2027-06-16_01:00:00;91972.4455
2027-06-16_02:00:00;91068.5494
2027-06-16_03:00:00;91067.2835
2027-06-16_04:00:00;98271.5686
2027-06-16_05:00:00;116538.5539
2027-06-16_06:00:00;129443.4415
2027-06-16_07:00:00;137989.9287
2027-06-16_08:00:00;141069.8308
2027-06-16_09:00:00;143724.2854
2027-06-16_10:00:00;147059.8709
2027-06-16_11:00:00;146378.7708
2027-06-16_12:00:00;145874.2499
2027-06-16_13:00:00;145078.8691
2027-06-16_14:00:00;142059.0115
2027-06-16_15:00:00;139950.2617
2027-06-16_16:00:00;136395.9571
2027-06-16_17:00:00;134629.8645
2027-06-16_18:00:00;130292.2441
2027-06-16_19:00:00;124807.0968
2027-06-16_20:00:00;121434.2300
2027-06-16_21:00:00;119592.7686
2027-06-16_22:00:00;112795.6596
2027-06-16_23:00:00;105910.3796
2027-06-17_00:00:00;100084.1571
2027-06-17_01:00:00;96421.1663
2027-06-17_02:00:00;94206.1719
2027-06-17_03:00:00;94472.2332
2027-06-17_04:00:00;101176.7490
2027-06-17_05:00:00;118073.4215
2027-06-17_06:00:00;130998.2355
2027-06-17_07:00:00;139964.7600
2027-06-17_08:00:00;143873.4207
2027-06-17_09:00:00;147837.0990
2027-06-17_10:00:00;151392.3994
2027-06-17_11:00:00;154038.6598
2027-06-17_12:00:00;152864.7402
2027-06-17_13:00:00;150386.4818
2027-06-17_14:00:00;147355.3812
2027-06-17_15:00:00;141582.2283
2027-06-17_16:00:00;136916.5930
2027-06-17_17:00:00;133682.9399
2027-06-17_18:00:00;129433.0894
2027-06-17_19:00:00;124620.5666
2027-06-17_20:00:00;119511.5288
2027-06-17_21:00:00;119530.8698
2027-06-17_22:00:00;114938.1490
2027-06-17_23:00:00;107260.0421
2027-06-18_00:00:00;99639.2056
2027-06-18_01:00:00;94546.9670
2027-06-18_02:00:00;92776.7876
2027-06-18_03:00:00;94693.0406
2027-06-18_04:00:00;102569.1354
2027-06-18_05:00:00;119202.4443
2027-06-18_06:00:00;131033.2301
2027-06-18_07:00:00;140095.4410
2027-06-18_08:00:00;143162.9869
2027-06-18_09:00:00;145881.8078
2027-06-18_10:00:00;149230.4166
2027-06-18_11:00:00;148361.0867
2027-06-18_12:00:00;145504.7217
2027-06-18_13:00:00;145175.1104
2027-06-18_14:00:00;141634.3052
2027-06-18_15:00:00;139849.8086
2027-06-18_16:00:00;138732.6484
2027-06-18_17:00:00;135275.0448
2027-06-18_18:00:00;129278.3286
2027-06-18_19:00:00;123389.0849
2027-06-18_20:00:00;118874.2366
2027-06-18_21:00:00;117079.1564
2027-06-18_22:00:00;110161.7214
2027-06-18_23:00:00;102185.2262
2027-06-19_00:00:00;97854.2564
2027-06-19_01:00:00;95658.3044
2027-06-19_02:00:00;92469.8563
2027-06-19_03:00:00;89642.7262
2027-06-19_04:00:00;90734.6466
2027-06-19_05:00:00;98243.8144
2027-06-19_06:00:00;108088.6547
2027-06-19_07:00:00;117350.1569
2027-06-19_08:00:00;123034.9901
2027-06-19_09:00:00;128132.8981
2027-06-19_10:00:00;130451.7990
2027-06-19_11:00:00;126821.9651
2027-06-19_12:00:00;123101.7086
2027-06-19_13:00:00;120195.6132
2027-06-19_14:00:00;116466.8714
2027-06-19_15:00:00;115709.3923
2027-06-19_16:00:00;113551.8892
2027-06-19_17:00:00;111418.2654
2027-06-19_18:00:00;106370.4281
2027-06-19_19:00:00;101916.3751
2027-06-19_20:00:00;100024.5692
2027-06-19_21:00:00;98649.3898
2027-06-19_22:00:00;93909.0349
2027-06-19_23:00:00;88326.7654
2027-06-20_00:00:00;85581.1550
2027-06-20_01:00:00;82931.0164
2027-06-20_02:00:00;80008.1695
2027-06-20_03:00:00;80240.7509
2027-06-20_04:00:00;77450.8816
2027-06-20_05:00:00;80234.1509
2027-06-20_06:00:00;87430.5352
2027-06-20_07:00:00;96710.3819
2027-06-20_08:00:00;101852.5480
2027-06-20_09:00:00;108671.2339
2027-06-20_10:00:00;113218.8973
2027-06-20_11:00:00;112496.8284
2027-06-20_12:00:00;109613.7443
2027-06-20_13:00:00;105725.3360
2027-06-20_14:00:00;102319.8692
2027-06-20_15:00:00;103908.1582
2027-06-20_16:00:00;106178.6727
2027-06-20_17:00:00;106302.1572
2027-06-20_18:00:00;104440.3643
2027-06-20_19:00:00;101207.3838
2027-06-20_20:00:00;99274.1607
2027-06-20_21:00:00;98757.6126
2027-06-20_22:00:00;93465.7859
2027-06-20_23:00:00;88764.6302
2027-06-21_00:00:00;85431.6450
2027-06-21_01:00:00;82098.2466
2027-06-21_02:00:00;80291.7712
2027-06-21_03:00:00;83884.2600
2027-06-21_04:00:00;93885.9747
2027-06-21_05:00:00;110833.5258
2027-06-21_06:00:00;127625.2990
2027-06-21_07:00:00;142126.1393
2027-06-21_08:00:00;146668.9243
2027-06-21_09:00:00;151589.6056
2027-06-21_10:00:00;154872.2596
2027-06-21_11:00:00;154332.4118
2027-06-21_12:00:00;152825.4417
2027-06-21_13:00:00;149447.3634
2027-06-21_14:00:00;145863.4748
2027-06-21_15:00:00;141161.4912
2027-06-21_16:00:00;137594.4631
2027-06-21_17:00:00;136423.9598
2027-06-21_18:00:00;131965.1992
2027-06-21_19:00:00;124151.2832
2027-06-21_20:00:00;121247.0692
2027-06-21_21:00:00;120313.2856
2027-06-21_22:00:00;113437.6514
2027-06-21_23:00:00;105907.4935
2027-06-22_00:00:00;100426.9230
2027-06-22_01:00:00;96793.2503
2027-06-22_02:00:00;92953.5517
2027-06-22_03:00:00;93268.7233
2027-06-22_04:00:00;98984.5062
2027-06-22_05:00:00;115920.2841
2027-06-22_06:00:00;130577.5525
2027-06-22_07:00:00;136685.2352
2027-06-22_08:00:00;139921.1704
2027-06-22_09:00:00;142189.0052
2027-06-22_10:00:00;145180.7428
2027-06-22_11:00:00;143613.1823
2027-06-22_12:00:00;143671.9292
2027-06-22_13:00:00;143674.4976
2027-06-22_14:00:00;140490.8200
2027-06-22_15:00:00;137245.8659
2027-06-22_16:00:00;136128.2962
2027-06-22_17:00:00;134302.2265
2027-06-22_18:00:00;127800.1987
2027-06-22_19:00:00;123020.7538
2027-06-22_20:00:00;118817.9353
2027-06-22_21:00:00;116926.1421
2027-06-22_22:00:00;109910.5545
2027-06-22_23:00:00;102708.8347
2027-06-23_00:00:00;96278.9630
2027-06-23_01:00:00;94116.4738
2027-06-23_02:00:00;92399.6943
2027-06-23_03:00:00;93878.6640
2027-06-23_04:00:00;100963.9835
2027-06-23_05:00:00;116687.6280
2027-06-23_06:00:00;132507.7034
2027-06-23_07:00:00;140379.9572
2027-06-23_08:00:00;144443.4897
2027-06-23_09:00:00;148602.1806
2027-06-23_10:00:00;153205.0770
2027-06-23_11:00:00;152334.0784
2027-06-23_12:00:00;151353.1163
2027-06-23_13:00:00;148923.2914
2027-06-23_14:00:00;146066.5540
2027-06-23_15:00:00;142054.3270
2027-06-23_16:00:00;137877.6934
2027-06-23_17:00:00;132334.5157
2027-06-23_18:00:00;127604.1147
2027-06-23_19:00:00;120888.1456
2027-06-23_20:00:00;118738.2817
2027-06-23_21:00:00;118816.6762
2027-06-23_22:00:00;114233.1822
2027-06-23_23:00:00;106525.9835
2027-06-24_00:00:00;100718.6368
2027-06-24_01:00:00;97884.6409
2027-06-24_02:00:00;95848.5220
2027-06-24_03:00:00;94545.8510
2027-06-24_04:00:00;103318.1311
2027-06-24_05:00:00;121700.8020
2027-06-24_06:00:00;137114.8415
2027-06-24_07:00:00;147696.3264
2027-06-24_08:00:00;151785.4612
2027-06-24_09:00:00;157366.2155
2027-06-24_10:00:00;161792.8286
2027-06-24_11:00:00;160579.8532
2027-06-24_12:00:00;160218.6642
2027-06-24_13:00:00;157544.0343
2027-06-24_14:00:00;153045.9219
2027-06-24_15:00:00;149846.3098
2027-06-24_16:00:00;145719.3062
2027-06-24_17:00:00;139757.6890
2027-06-24_18:00:00;136588.0370
2027-06-24_19:00:00;130352.6789
2027-06-24_20:00:00;125676.7719
2027-06-24_21:00:00;125971.5970
2027-06-24_22:00:00;120461.7502
2027-06-24_23:00:00;110701.7639
2027-06-25_00:00:00;103598.1017
2027-06-25_01:00:00;101254.5106
2027-06-25_02:00:00;98605.4962
2027-06-25_03:00:00;97460.9969
2027-06-25_04:00:00;102476.1445
2027-06-25_05:00:00;117882.7583
2027-06-25_06:00:00;133468.6945
2027-06-25_07:00:00;142469.7657
2027-06-25_08:00:00;147884.9022
2027-06-25_09:00:00;153537.4229
2027-06-25_10:00:00;157638.0263
2027-06-25_11:00:00;156205.2178
2027-06-25_12:00:00;152697.3543
2027-06-25_13:00:00;150905.3991
2027-06-25_14:00:00;147686.2690
2027-06-25_15:00:00;139827.3593
2027-06-25_16:00:00;136969.2610
2027-06-25_17:00:00;132258.5931
2027-06-25_18:00:00;125702.1587
2027-06-25_19:00:00;119401.1146
2027-06-25_20:00:00;114814.7952
2027-06-25_21:00:00;115749.2537
2027-06-25_22:00:00;109720.1738
2027-06-25_23:00:00;102379.5719
2027-06-26_00:00:00;95065.9701
2027-06-26_01:00:00;90538.8769
2027-06-26_02:00:00;87614.9727
2027-06-26_03:00:00;85996.3533
2027-06-26_04:00:00;85904.7742
2027-06-26_05:00:00;92239.4857
2027-06-26_06:00:00;101849.1169
2027-06-26_07:00:00;108430.7590
2027-06-26_08:00:00;117515.9635
2027-06-26_09:00:00;123286.9008
2027-06-26_10:00:00;126775.2463
2027-06-26_11:00:00;125756.3723
2027-06-26_12:00:00;125352.4727
2027-06-26_13:00:00;122415.1438
2027-06-26_14:00:00;118753.7776
2027-06-26_15:00:00;116727.3140
2027-06-26_16:00:00;115884.4368
2027-06-26_17:00:00;115230.1206
2027-06-26_18:00:00;110363.0632
2027-06-26_19:00:00;106986.6730
2027-06-26_20:00:00;104484.7505
2027-06-26_21:00:00;106097.9673
2027-06-26_22:00:00;101770.4693
2027-06-26_23:00:00;95984.3063
2027-06-27_00:00:00;90063.6334
2027-06-27_01:00:00;88603.3727
2027-06-27_02:00:00;85646.2575
2027-06-27_03:00:00;83926.2315
2027-06-27_04:00:00;81010.9268
2027-06-27_05:00:00;82823.1930
2027-06-27_06:00:00;88689.9123
2027-06-27_07:00:00;97663.5985
2027-06-27_08:00:00;106888.8797
2027-06-27_09:00:00;111439.5885
2027-06-27_10:00:00;114948.7189
2027-06-27_11:00:00;113471.2180
2027-06-27_12:00:00;110505.6609
2027-06-27_13:00:00;108686.2316
2027-06-27_14:00:00;106222.4028
2027-06-27_15:00:00;104384.2719
2027-06-27_16:00:00;103765.8317
2027-06-27_17:00:00;100692.4095
2027-06-27_18:00:00;97808.2841
2027-06-27_19:00:00;98077.9230
2027-06-27_20:00:00;98935.5839
2027-06-27_21:00:00;99291.0699
2027-06-27_22:00:00;95660.2145
2027-06-27_23:00:00;91166.2617
2027-06-28_00:00:00;85785.1386
2027-06-28_01:00:00;83028.4097
2027-06-28_02:00:00;82257.2714
2027-06-28_03:00:00;84267.6658
2027-06-28_04:00:00;91506.4717
2027-06-28_05:00:00;110044.0721
2027-06-28_06:00:00;128181.3258
2027-06-28_07:00:00;140162.1336
2027-06-28_08:00:00;143796.7899
2027-06-28_09:00:00;149725.9131
2027-06-28_10:00:00;154126.6308
2027-06-28_11:00:00;152283.1251
2027-06-28_12:00:00;152413.4602
2027-06-28_13:00:00;149604.3551
2027-06-28_14:00:00;144915.8174
2027-06-28_15:00:00;141339.3845
2027-06-28_16:00:00;139489.0237
2027-06-28_17:00:00;134948.8334
2027-06-28_18:00:00;131025.6163
2027-06-28_19:00:00;125029.4031
2027-06-28_20:00:00;119306.7535
2027-06-28_21:00:00;117697.7172
2027-06-28_22:00:00;109471.7092
2027-06-28_23:00:00;105644.9837
2027-06-29_00:00:00;99455.3070
2027-06-29_01:00:00;94652.8860
2027-06-29_02:00:00;92408.7526
2027-06-29_03:00:00;92686.4022
2027-06-29_04:00:00;98877.6473
2027-06-29_05:00:00;118380.6660
2027-06-29_06:00:00;131563.1418
2027-06-29_07:00:00;137484.6602
2027-06-29_08:00:00;143975.1469
2027-06-29_09:00:00;148464.5287
2027-06-29_10:00:00;152034.0057
2027-06-29_11:00:00;151815.9398
2027-06-29_12:00:00;151517.6786
2027-06-29_13:00:00;149961.5954
2027-06-29_14:00:00;146036.7533
2027-06-29_15:00:00;138581.1689
2027-06-29_16:00:00;135463.3711
2027-06-29_17:00:00;131020.6179
2027-06-29_18:00:00;126400.8482
2027-06-29_19:00:00;122257.9393
2027-06-29_20:00:00;117920.7629
2027-06-29_21:00:00;118408.1059
2027-06-29_22:00:00;113527.0896
2027-06-29_23:00:00;104585.4627
2027-06-30_00:00:00;100461.5482
2027-06-30_01:00:00;95373.9103
2027-06-30_02:00:00;95250.6140
2027-06-30_03:00:00;96426.7961
2027-06-30_04:00:00;100547.3860
2027-06-30_05:00:00;119275.8496
2027-06-30_06:00:00;136934.0400
2027-06-30_07:00:00;147861.9026
2027-06-30_08:00:00;152900.5186
2027-06-30_09:00:00;156115.6408
2027-06-30_10:00:00;159575.9616
2027-06-30_11:00:00;159699.3723
2027-06-30_12:00:00;158611.6145
2027-06-30_13:00:00;155344.8532
2027-06-30_14:00:00;152879.2782
2027-06-30_15:00:00;148242.4632
2027-06-30_16:00:00;144520.2559
2027-06-30_17:00:00;140329.9661
2027-06-30_18:00:00;134008.8369
2027-06-30_19:00:00;126855.9334
2027-06-30_20:00:00;122006.2451
2027-06-30_21:00:00;120969.7704
2027-06-30_22:00:00;115049.2018
2027-06-30_23:00:00;106390.5930
2027-07-01_00:00:00;99419.1396
2027-07-01_01:00:00;95435.7653
2027-07-01_02:00:00;93133.2276
2027-07-01_03:00:00;92687.8833
2027-07-01_04:00:00;98743.3339
2027-07-01_05:00:00;119222.8631
2027-07-01_06:00:00;133838.7809
2027-07-01_07:00:00;142051.0850
2027-07-01_08:00:00;144756.2706
2027-07-01_09:00:00;148378.7402
2027-07-01_10:00:00;152161.0078
2027-07-01_11:00:00;153795.6575
2027-07-01_12:00:00;152339.4666
2027-07-01_13:00:00;149849.7374
2027-07-01_14:00:00;147306.4551
2027-07-01_15:00:00;142707.8395
2027-07-01_16:00:00;138211.7169
2027-07-01_17:00:00;134464.4970
2027-07-01_18:00:00;130036.5766
2027-07-01_19:00:00;123710.4330
2027-07-01_20:00:00;119993.5040
2027-07-01_21:00:00;119732.9132
2027-07-01_22:00:00;116515.0756
2027-07-01_23:00:00;103805.4252
2027-07-02_00:00:00;100404.1719
2027-07-02_01:00:00;95974.6609
2027-07-02_02:00:00;94447.2871
2027-07-02_03:00:00;95239.2050
2027-07-02_04:00:00;101528.7076
2027-07-02_05:00:00;118869.8048
2027-07-02_06:00:00;133883.7347
2027-07-02_07:00:00;143777.7182
2027-07-02_08:00:00;148837.1292
2027-07-02_09:00:00;152710.7355
2027-07-02_10:00:00;155121.7732
2027-07-02_11:00:00;153243.5944
2027-07-02_12:00:00;149949.7451
2027-07-02_13:00:00;146154.6047
2027-07-02_14:00:00;141897.9495
2027-07-02_15:00:00;137515.0023
2027-07-02_16:00:00;133469.1261
2027-07-02_17:00:00;127105.8661
2027-07-02_18:00:00;120935.3557
2027-07-02_19:00:00;113063.0001
2027-07-02_20:00:00;111552.4671
2027-07-02_21:00:00;111763.9057
2027-07-02_22:00:00;108149.0397
2027-07-02_23:00:00;105959.9489
2027-07-03_00:00:00;101893.4736
2027-07-03_01:00:00;96693.2607
2027-07-03_02:00:00;94462.3748
2027-07-03_03:00:00;95304.3047
2027-07-03_04:00:00;94602.2738
2027-07-03_05:00:00;97519.8923
2027-07-03_06:00:00;104837.9818
2027-07-03_07:00:00;114159.4104
2027-07-03_08:00:00;119791.6420
2027-07-03_09:00:00;123156.2344
2027-07-03_10:00:00;125823.3670
2027-07-03_11:00:00;126501.0349
2027-07-03_12:00:00;122577.1672
2027-07-03_13:00:00;119203.8614
2027-07-03_14:00:00;119237.4985
2027-07-03_15:00:00;116300.1456
2027-07-03_16:00:00;114836.8854
2027-07-03_17:00:00;112197.6581
2027-07-03_18:00:00;107072.6362
2027-07-03_19:00:00;101322.3597
2027-07-03_20:00:00;97201.5527
2027-07-03_21:00:00;98064.0302
2027-07-03_22:00:00;98683.4010
2027-07-03_23:00:00;95710.2173
2027-07-04_00:00:00;90259.2374
2027-07-04_01:00:00;88285.0782
2027-07-04_02:00:00;87734.1416
2027-07-04_03:00:00;86238.6140
2027-07-04_04:00:00;83105.1048
2027-07-04_05:00:00;84870.9445
2027-07-04_06:00:00;88656.2735
2027-07-04_07:00:00;97593.7078
2027-07-04_08:00:00;104242.3562
2027-07-04_09:00:00;111457.9200
2027-07-04_10:00:00;116216.5543
2027-07-04_11:00:00;117614.5895
2027-07-04_12:00:00;112855.9799
2027-07-04_13:00:00;109246.0187
2027-07-04_14:00:00;105714.5945
2027-07-04_15:00:00;104011.5445
2027-07-04_16:00:00;107008.8440
2027-07-04_17:00:00;109862.0724
2027-07-04_18:00:00;107634.5464
2027-07-04_19:00:00;103186.1677
2027-07-04_20:00:00;100663.1902
2027-07-04_21:00:00;100542.0292
2027-07-04_22:00:00;97640.9977
2027-07-04_23:00:00;91039.3574
2027-07-05_00:00:00;84855.7897
2027-07-05_01:00:00;82627.4309
2027-07-05_02:00:00;82402.1372
2027-07-05_03:00:00;84483.6117
2027-07-05_04:00:00;89454.0952
2027-07-05_05:00:00;106897.8310
2027-07-05_06:00:00;120547.4711
2027-07-05_07:00:00;131117.7428
2027-07-05_08:00:00;134726.5180
2027-07-05_09:00:00;141460.3001
2027-07-05_10:00:00;145671.6611
2027-07-05_11:00:00;147325.3875
2027-07-05_12:00:00;147036.6879
2027-07-05_13:00:00;144255.8903
2027-07-05_14:00:00;140621.9828
2027-07-05_15:00:00;135893.1945
2027-07-05_16:00:00;130730.4518
2027-07-05_17:00:00;126065.7639
2027-07-05_18:00:00;122005.8236
2027-07-05_19:00:00;117979.3954
2027-07-05_20:00:00;113344.5915
2027-07-05_21:00:00;111038.2976
2027-07-05_22:00:00;104500.4342
2027-07-05_23:00:00;99993.0737
2027-07-06_00:00:00;95240.2133
2027-07-06_01:00:00;90802.5719
2027-07-06_02:00:00;89262.0703
2027-07-06_03:00:00;88815.9869
2027-07-06_04:00:00;98703.6230
2027-07-06_05:00:00;112290.2321
2027-07-06_06:00:00;123252.1867
2027-07-06_07:00:00;133399.2403
2027-07-06_08:00:00;142760.0274
2027-07-06_09:00:00;148371.8270
2027-07-06_10:00:00;154734.1208
2027-07-06_11:00:00;154561.4533
2027-07-06_12:00:00;152932.8968
2027-07-06_13:00:00;153090.6730
2027-07-06_14:00:00;152311.0478
2027-07-06_15:00:00;149943.3397
2027-07-06_16:00:00;146845.0525
2027-07-06_17:00:00;144044.5324
2027-07-06_18:00:00;140325.4299
2027-07-06_19:00:00;134169.0908
2027-07-06_20:00:00;130686.7939
2027-07-06_21:00:00;127567.0778
2027-07-06_22:00:00;120923.2997
2027-07-06_23:00:00;110142.8293
2027-07-07_00:00:00;106147.8857
2027-07-07_01:00:00;104128.3375
2027-07-07_02:00:00;101341.8880
2027-07-07_03:00:00;103303.0122
2027-07-07_04:00:00;106950.1595
2027-07-07_05:00:00;123677.2275
2027-07-07_06:00:00;139619.8955
2027-07-07_07:00:00;144819.1913
2027-07-07_08:00:00;150267.4011
2027-07-07_09:00:00;154481.3326
2027-07-07_10:00:00;157193.5595
2027-07-07_11:00:00;154990.9175
2027-07-07_12:00:00;153948.1179
2027-07-07_13:00:00;150112.3486
2027-07-07_14:00:00;148897.2444
2027-07-07_15:00:00;145829.7246
2027-07-07_16:00:00;144370.2701
2027-07-07_17:00:00;140971.3098
2027-07-07_18:00:00;133935.7985
2027-07-07_19:00:00;126613.2866
2027-07-07_20:00:00;120990.5657
2027-07-07_21:00:00;118436.2314
2027-07-07_22:00:00;110403.9858
2027-07-07_23:00:00;102340.3622
2027-07-08_00:00:00;98324.8657
2027-07-08_01:00:00;94237.5521
2027-07-08_02:00:00;90451.7334
2027-07-08_03:00:00;92042.1978
2027-07-08_04:00:00;99457.9745
2027-07-08_05:00:00;112571.9640
2027-07-08_06:00:00;127071.8611
2027-07-08_07:00:00;135640.8611
2027-07-08_08:00:00;142293.0847
2027-07-08_09:00:00;148612.9997
2027-07-08_10:00:00;150770.4586
2027-07-08_11:00:00;150266.9257
2027-07-08_12:00:00;148901.6479
2027-07-08_13:00:00;147473.6577
2027-07-08_14:00:00;146147.1662
2027-07-08_15:00:00;140100.9855
2027-07-08_16:00:00;134666.0266
2027-07-08_17:00:00;129574.4623
2027-07-08_18:00:00;123843.4216
2027-07-08_19:00:00;114837.2386
2027-07-08_20:00:00;109578.4162
2027-07-08_21:00:00;111893.1662
2027-07-08_22:00:00;108264.4578
2027-07-08_23:00:00;101928.5444
2027-07-09_00:00:00;97471.2697
2027-07-09_01:00:00;93911.8635
2027-07-09_02:00:00;93942.0281
2027-07-09_03:00:00;94598.7101
2027-07-09_04:00:00;101481.2135
2027-07-09_05:00:00;112470.0535
2027-07-09_06:00:00;126904.1547
2027-07-09_07:00:00;136261.8806
2027-07-09_08:00:00;140871.5882
2027-07-09_09:00:00;145774.6970
2027-07-09_10:00:00;150023.2727
2027-07-09_11:00:00;151274.2003
2027-07-09_12:00:00;151900.8948
2027-07-09_13:00:00;150003.1790
2027-07-09_14:00:00;147153.6053
2027-07-09_15:00:00;144450.6037
2027-07-09_16:00:00;141952.3205
2027-07-09_17:00:00;139371.5882
2027-07-09_18:00:00;135837.1795
2027-07-09_19:00:00;130138.2743
2027-07-09_20:00:00;124890.9431
2027-07-09_21:00:00;124541.0269
2027-07-09_22:00:00;117041.6978
2027-07-09_23:00:00;110496.9086
2027-07-10_00:00:00;105126.6834
2027-07-10_01:00:00;103739.2799
2027-07-10_02:00:00;101768.0187
2027-07-10_03:00:00;100983.7838
2027-07-10_04:00:00;100157.1027
2027-07-10_05:00:00;103308.1105
2027-07-10_06:00:00;113266.5635
2027-07-10_07:00:00;122870.7453
2027-07-10_08:00:00;130475.0395
2027-07-10_09:00:00;131228.5237
2027-07-10_10:00:00;134137.0950
2027-07-10_11:00:00;133707.8844
2027-07-10_12:00:00;128843.2301
2027-07-10_13:00:00;128388.1388
2027-07-10_14:00:00;124966.5990
2027-07-10_15:00:00;124071.7205
2027-07-10_16:00:00;123062.1061
2027-07-10_17:00:00;118612.1502
2027-07-10_18:00:00;110334.3511
2027-07-10_19:00:00;106134.5087
2027-07-10_20:00:00;101993.2098
2027-07-10_21:00:00;104218.4361
2027-07-10_22:00:00;102149.3743
2027-07-10_23:00:00;95747.6262
2027-07-11_00:00:00;91678.6077
2027-07-11_01:00:00;89191.8292
2027-07-11_02:00:00;87375.3866
2027-07-11_03:00:00;85396.7752
2027-07-11_04:00:00;84556.9353
2027-07-11_05:00:00;86394.0861
2027-07-11_06:00:00;94379.2817
2027-07-11_07:00:00;105628.3812
2027-07-11_08:00:00;113984.0593
2027-07-11_09:00:00;117934.2111
2027-07-11_10:00:00;123124.4899
2027-07-11_11:00:00;123028.3622
2027-07-11_12:00:00;119609.2376
2027-07-11_13:00:00;116039.6993
2027-07-11_14:00:00;113948.0759
2027-07-11_15:00:00;115229.5155
2027-07-11_16:00:00;119840.4074
2027-07-11_17:00:00;118127.6450
2027-07-11_18:00:00;111637.8935
2027-07-11_19:00:00;108438.8185
2027-07-11_20:00:00;107610.0396
2027-07-11_21:00:00;110071.9778
2027-07-11_22:00:00;107826.0917
2027-07-11_23:00:00;101292.1978
2027-07-12_00:00:00;97366.2483
2027-07-12_01:00:00;97244.5269
2027-07-12_02:00:00;96949.9335
2027-07-12_03:00:00;98407.9605
2027-07-12_04:00:00;102115.4484
2027-07-12_05:00:00;116547.4747
2027-07-12_06:00:00;127592.4279
2027-07-12_07:00:00;140078.4820
2027-07-12_08:00:00;147821.6851
2027-07-12_09:00:00;154573.1935
2027-07-12_10:00:00;160683.2009
2027-07-12_11:00:00;161541.2234
2027-07-12_12:00:00;159690.6775
2027-07-12_13:00:00;156562.0698
2027-07-12_14:00:00;154313.5906
2027-07-12_15:00:00;149011.9855
2027-07-12_16:00:00;146518.7672
2027-07-12_17:00:00;141950.8673
2027-07-12_18:00:00;135254.9780
2027-07-12_19:00:00;129221.5614
2027-07-12_20:00:00;123640.1696
2027-07-12_21:00:00;121425.9376
2027-07-12_22:00:00;116328.2336
2027-07-12_23:00:00;108883.6225
2027-07-13_00:00:00;104275.5876
2027-07-13_01:00:00;99908.2423
2027-07-13_02:00:00;97748.3101
2027-07-13_03:00:00;98997.8114
2027-07-13_04:00:00;105740.4856
2027-07-13_05:00:00;119222.5704
2027-07-13_06:00:00;129552.6164
2027-07-13_07:00:00;139921.9919
2027-07-13_08:00:00;144009.2598
2027-07-13_09:00:00;149312.5841
2027-07-13_10:00:00;151921.9535
2027-07-13_11:00:00;151970.9172
2027-07-13_12:00:00;150853.1084
2027-07-13_13:00:00;148484.4548
2027-07-13_14:00:00;144703.6236
2027-07-13_15:00:00;139717.3584
2027-07-13_16:00:00;134744.3809
2027-07-13_17:00:00;129529.1663
2027-07-13_18:00:00;124973.5902
2027-07-13_19:00:00;121373.3288
2027-07-13_20:00:00;115629.2120
2027-07-13_21:00:00;113444.1129
2027-07-13_22:00:00;110001.4754
2027-07-13_23:00:00;106578.1794
2027-07-14_00:00:00;102020.7429
2027-07-14_01:00:00;98127.0711
2027-07-14_02:00:00;94625.5168
2027-07-14_03:00:00;95114.4517
2027-07-14_04:00:00;101534.5740
2027-07-14_05:00:00;112762.2232
2027-07-14_06:00:00;125240.7490
2027-07-14_07:00:00;133340.2900
2027-07-14_08:00:00;138055.9340
2027-07-14_09:00:00;141949.6511
2027-07-14_10:00:00;146071.7510
2027-07-14_11:00:00;146251.3862
2027-07-14_12:00:00;144860.8310
2027-07-14_13:00:00;142636.8847
2027-07-14_14:00:00;140653.8724
2027-07-14_15:00:00;138813.3452
2027-07-14_16:00:00;134326.3560
2027-07-14_17:00:00;131513.8950
2027-07-14_18:00:00;128336.9080
2027-07-14_19:00:00;123349.0690
2027-07-14_20:00:00;120017.5452
2027-07-14_21:00:00;119083.8932
2027-07-14_22:00:00;115863.6829
2027-07-14_23:00:00;104274.0015
2027-07-15_00:00:00;100015.3899
2027-07-15_01:00:00;97880.2178
2027-07-15_02:00:00;97498.9226
2027-07-15_03:00:00;98246.6060
2027-07-15_04:00:00;103540.9228
2027-07-15_05:00:00;113415.3403
2027-07-15_06:00:00;124970.2769
2027-07-15_07:00:00;132496.0906
2027-07-15_08:00:00;135826.6717
2027-07-15_09:00:00;142287.5702
2027-07-15_10:00:00;145202.4753
2027-07-15_11:00:00;146969.9584
2027-07-15_12:00:00;145198.6170
2027-07-15_13:00:00;142254.4460
2027-07-15_14:00:00;139213.1172
2027-07-15_15:00:00;135173.3693
2027-07-15_16:00:00;134311.6119
2027-07-15_17:00:00;133387.5449
2027-07-15_18:00:00;129634.5140
2027-07-15_19:00:00;124600.0157
2027-07-15_20:00:00;121275.6238
2027-07-15_21:00:00;120688.0290
2027-07-15_22:00:00;114748.1119
2027-07-15_23:00:00;110075.7271
2027-07-16_00:00:00;108317.6211
2027-07-16_01:00:00;105461.2322
2027-07-16_02:00:00;102685.8363
2027-07-16_03:00:00;103278.2639
2027-07-16_04:00:00;108334.1693
2027-07-16_05:00:00;119872.6073
2027-07-16_06:00:00;132479.3946
2027-07-16_07:00:00;140441.6443
2027-07-16_08:00:00;143573.4972
2027-07-16_09:00:00;147518.5025
2027-07-16_10:00:00;149512.3807
2027-07-16_11:00:00;149425.7629
2027-07-16_12:00:00;144204.8274
2027-07-16_13:00:00;142446.3551
2027-07-16_14:00:00;139890.8214
2027-07-16_15:00:00;135911.3768
2027-07-16_16:00:00;133660.3020
2027-07-16_17:00:00;128073.2338
2027-07-16_18:00:00;122617.0268
2027-07-16_19:00:00;115744.6348
2027-07-16_20:00:00;111379.4541
2027-07-16_21:00:00;110271.0445
2027-07-16_22:00:00;104840.0266
2027-07-16_23:00:00;102588.6723
2027-07-17_00:00:00;96654.8491
2027-07-17_01:00:00;95702.2609
2027-07-17_02:00:00;96062.4697
2027-07-17_03:00:00;94820.8425
2027-07-17_04:00:00;94076.0213
2027-07-17_05:00:00;98816.1148
2027-07-17_06:00:00;104328.3225
2027-07-17_07:00:00;113180.2266
2027-07-17_08:00:00;121983.4087
2027-07-17_09:00:00;126863.9041
2027-07-17_10:00:00;129071.6099
2027-07-17_11:00:00;128051.3321
2027-07-17_12:00:00;125338.9278
2027-07-17_13:00:00;123149.7967
2027-07-17_14:00:00;120639.5783
2027-07-17_15:00:00;118843.2209
2027-07-17_16:00:00;116171.2137
2027-07-17_17:00:00;111029.4021
2027-07-17_18:00:00;107001.7108
2027-07-17_19:00:00;103547.7373
2027-07-17_20:00:00;101266.0134
2027-07-17_21:00:00;101809.2378
2027-07-17_22:00:00;98646.0256
2027-07-17_23:00:00;94023.2270
2027-07-18_00:00:00;90781.2915
2027-07-18_01:00:00;89176.3292
2027-07-18_02:00:00;86691.5759
2027-07-18_03:00:00;85235.5533
2027-07-18_04:00:00;84563.6564
2027-07-18_05:00:00;87323.0535
2027-07-18_06:00:00;92139.6185
2027-07-18_07:00:00;99453.4574
2027-07-18_08:00:00;107017.1481
2027-07-18_09:00:00;111348.6653
2027-07-18_10:00:00;116741.0163
2027-07-18_11:00:00;117497.9548
2027-07-18_12:00:00;115534.7800
2027-07-18_13:00:00;113666.6334
2027-07-18_14:00:00;112306.8716
2027-07-18_15:00:00;109888.3629
2027-07-18_16:00:00;111716.3618
2027-07-18_17:00:00;113500.8754
2027-07-18_18:00:00;110216.6642
2027-07-18_19:00:00;106927.5444
2027-07-18_20:00:00;104295.7981
2027-07-18_21:00:00;105160.6938
2027-07-18_22:00:00;103136.0202
2027-07-18_23:00:00;98272.9333
2027-07-19_00:00:00;95578.5268
2027-07-19_01:00:00;95062.0540
2027-07-19_02:00:00;93422.9285
2027-07-19_03:00:00;95708.6968
2027-07-19_04:00:00;101405.2757
2027-07-19_05:00:00;116038.8963
2027-07-19_06:00:00;128502.8127
2027-07-19_07:00:00;137172.5993
2027-07-19_08:00:00;144521.6905
2027-07-19_09:00:00;151544.4524
2027-07-19_10:00:00;154373.0583
2027-07-19_11:00:00;154214.4533
2027-07-19_12:00:00;153962.0128
2027-07-19_13:00:00;152108.4469
2027-07-19_14:00:00;149936.0101
2027-07-19_15:00:00;145568.0913
2027-07-19_16:00:00;140605.4460
2027-07-19_17:00:00;133979.6168
2027-07-19_18:00:00;129374.8954
2027-07-19_19:00:00;123667.9207
2027-07-19_20:00:00;120444.4621
2027-07-19_21:00:00;117143.3195
2027-07-19_22:00:00;110642.1188
2027-07-19_23:00:00;103787.9778
2027-07-20_00:00:00;98007.1769
2027-07-20_01:00:00;92034.1859
2027-07-20_02:00:00;90672.7635
2027-07-20_03:00:00;90838.1367
2027-07-20_04:00:00;99106.4903
2027-07-20_05:00:00;111527.7963
2027-07-20_06:00:00;125299.1623
2027-07-20_07:00:00;137177.7887
2027-07-20_08:00:00;145983.2978
2027-07-20_09:00:00;151943.4332
2027-07-20_10:00:00;155705.3943
2027-07-20_11:00:00;155628.9955
2027-07-20_12:00:00;155946.1822
2027-07-20_13:00:00;153590.5245
2027-07-20_14:00:00;149931.4398
2027-07-20_15:00:00;144516.7198
2027-07-20_16:00:00;140849.0946
2027-07-20_17:00:00;132678.5189
2027-07-20_18:00:00;127523.9188
2027-07-20_19:00:00;123696.1989
2027-07-20_20:00:00;121332.5667
2027-07-20_21:00:00;119416.2513
2027-07-20_22:00:00;113696.7729
2027-07-20_23:00:00;106382.6044
2027-07-21_00:00:00;100899.6536
2027-07-21_01:00:00;98349.7705
2027-07-21_02:00:00;97282.7105
2027-07-21_03:00:00;96642.2761
2027-07-21_04:00:00;102303.6348
2027-07-21_05:00:00;115180.6047
2027-07-21_06:00:00;131419.0709
2027-07-21_07:00:00;141867.7232
2027-07-21_08:00:00;147721.8572
2027-07-21_09:00:00;153980.6154
2027-07-21_10:00:00;158773.4022
2027-07-21_11:00:00;159671.8622
2027-07-21_12:00:00;159208.8905
2027-07-21_13:00:00;156495.2086
2027-07-21_14:00:00;154388.1352
2027-07-21_15:00:00;151198.2466
2027-07-21_16:00:00;145696.4082
2027-07-21_17:00:00;140620.2089
2027-07-21_18:00:00;133915.9494
2027-07-21_19:00:00;129569.7925
2027-07-21_20:00:00;129448.8086
2027-07-21_21:00:00;128057.7004
2027-07-21_22:00:00;119840.6710
2027-07-21_23:00:00;112743.6068
2027-07-22_00:00:00;108694.4645
2027-07-22_01:00:00;105626.7569
2027-07-22_02:00:00;100436.6539
2027-07-22_03:00:00;100745.6028
2027-07-22_04:00:00;105640.0422
2027-07-22_05:00:00;116901.4854
2027-07-22_06:00:00;128520.4496
2027-07-22_07:00:00;135103.5291
2027-07-22_08:00:00;140696.1821
2027-07-22_09:00:00;144381.7316
2027-07-22_10:00:00;148036.3828
2027-07-22_11:00:00;148509.8049
2027-07-22_12:00:00;148517.9760
2027-07-22_13:00:00;148120.6466
2027-07-22_14:00:00;147084.7929
2027-07-22_15:00:00;142534.7655
2027-07-22_16:00:00;137683.7041
2027-07-22_17:00:00;133978.8833
2027-07-22_18:00:00;128201.0327
2027-07-22_19:00:00;123111.2305
2027-07-22_20:00:00;120045.5791
2027-07-22_21:00:00;117752.6410
2027-07-22_22:00:00;111420.6650
2027-07-22_23:00:00;106042.2082
2027-07-23_00:00:00;100902.3957
2027-07-23_01:00:00;97324.2757
2027-07-23_02:00:00;95370.0486
2027-07-23_03:00:00;97828.4109
2027-07-23_04:00:00;103486.8200
2027-07-23_05:00:00;115018.0666
2027-07-23_06:00:00;128011.1340
2027-07-23_07:00:00;136675.3892
2027-07-23_08:00:00;143659.6010
2027-07-23_09:00:00;148992.8172
2027-07-23_10:00:00;152614.5057
2027-07-23_11:00:00;152746.7949
2027-07-23_12:00:00;152006.7428
2027-07-23_13:00:00;148543.3880
2027-07-23_14:00:00;144404.1436
2027-07-23_15:00:00;138916.3127
2027-07-23_16:00:00;134003.6856
2027-07-23_17:00:00;128728.2825
2027-07-23_18:00:00;124134.7565
2027-07-23_19:00:00;119962.4200
2027-07-23_20:00:00;118786.4465
2027-07-23_21:00:00;116113.6644
2027-07-23_22:00:00;110663.2067
2027-07-23_23:00:00;102407.2943
2027-07-24_00:00:00;98214.3853
2027-07-24_01:00:00;95688.9251
2027-07-24_02:00:00;92340.9346
2027-07-24_03:00:00;92362.6457
2027-07-24_04:00:00;92738.6692
2027-07-24_05:00:00;98877.9923
2027-07-24_06:00:00;106307.2286
2027-07-24_07:00:00;111585.9181
2027-07-24_08:00:00;117328.9913
2027-07-24_09:00:00;124111.8366
2027-07-24_10:00:00;127384.7393
2027-07-24_11:00:00;127373.2257
2027-07-24_12:00:00;124012.4412
2027-07-24_13:00:00;120723.9580
2027-07-24_14:00:00;118263.4807
2027-07-24_15:00:00;116316.0725
2027-07-24_16:00:00;111587.0504
2027-07-24_17:00:00;108719.2432
2027-07-24_18:00:00;107129.6371
2027-07-24_19:00:00;101494.6965
2027-07-24_20:00:00;102099.7353
2027-07-24_21:00:00;101846.7846
2027-07-24_22:00:00;96848.7164
2027-07-24_23:00:00;91444.4994
2027-07-25_00:00:00;88297.9113
2027-07-25_01:00:00;85491.0626
2027-07-25_02:00:00;83982.0501
2027-07-25_03:00:00;82754.4625
2027-07-25_04:00:00;81818.0789
2027-07-25_05:00:00;84309.0081
2027-07-25_06:00:00;91626.3665
2027-07-25_07:00:00;99134.3870
2027-07-25_08:00:00;106110.9502
2027-07-25_09:00:00;112662.0407
2027-07-25_10:00:00;116563.4674
2027-07-25_11:00:00;117157.4466
2027-07-25_12:00:00;115834.2666
2027-07-25_13:00:00;113202.2443
2027-07-25_14:00:00;110858.7890
2027-07-25_15:00:00;108010.0199
2027-07-25_16:00:00;106911.6591
2027-07-25_17:00:00;104827.9887
2027-07-25_18:00:00;101466.0162
2027-07-25_19:00:00;100463.2225
2027-07-25_20:00:00;101297.5857
2027-07-25_21:00:00;102739.9212
2027-07-25_22:00:00;97593.1646
2027-07-25_23:00:00;93946.1727
2027-07-26_00:00:00;90854.7574
2027-07-26_01:00:00;88178.7254
2027-07-26_02:00:00;86584.9865
2027-07-26_03:00:00;86276.6085
2027-07-26_04:00:00;95721.1491
2027-07-26_05:00:00;108143.4052
2027-07-26_06:00:00;124047.1198
2027-07-26_07:00:00;134634.0575
2027-07-26_08:00:00;141221.5456
2027-07-26_09:00:00;147469.5466
2027-07-26_10:00:00;150013.1357
2027-07-26_11:00:00;150931.1716
2027-07-26_12:00:00;150600.0907
2027-07-26_13:00:00;148091.3358
2027-07-26_14:00:00;144789.2351
2027-07-26_15:00:00;140770.8077
2027-07-26_16:00:00;135011.7515
2027-07-26_17:00:00;132021.9555
2027-07-26_18:00:00;127818.6323
2027-07-26_19:00:00;121305.5453
2027-07-26_20:00:00;118091.9913
2027-07-26_21:00:00;116154.8380
2027-07-26_22:00:00;109638.8307
2027-07-26_23:00:00;104421.7762
2027-07-27_00:00:00;99661.8558
2027-07-27_01:00:00;94640.7739
2027-07-27_02:00:00;91805.3891
2027-07-27_03:00:00;92432.6922
2027-07-27_04:00:00;100824.4490
2027-07-27_05:00:00;112988.2176
2027-07-27_06:00:00;125748.1779
2027-07-27_07:00:00;136903.7844
2027-07-27_08:00:00;143408.6086
2027-07-27_09:00:00;147976.6036
2027-07-27_10:00:00;151682.6188
2027-07-27_11:00:00;150456.5994
2027-07-27_12:00:00;148799.4294
2027-07-27_13:00:00;145948.4068
2027-07-27_14:00:00;143839.6700
2027-07-27_15:00:00;139281.4472
2027-07-27_16:00:00;137344.1643
2027-07-27_17:00:00;132349.7591
2027-07-27_18:00:00;127414.3432
2027-07-27_19:00:00;121934.2459
2027-07-27_20:00:00;119337.5178
2027-07-27_21:00:00;116427.4812
2027-07-27_22:00:00;109905.0205
2027-07-27_23:00:00;104877.4633
2027-07-28_00:00:00;100274.7277
2027-07-28_01:00:00;96286.7950
2027-07-28_02:00:00;94141.3094
2027-07-28_03:00:00;94490.2892
2027-07-28_04:00:00;101284.6135
2027-07-28_05:00:00;113780.2610
2027-07-28_06:00:00;126074.9698
2027-07-28_07:00:00;134889.5336
2027-07-28_08:00:00;139381.7901
2027-07-28_09:00:00;144348.0688
2027-07-28_10:00:00;147709.9477
2027-07-28_11:00:00;150111.0305
2027-07-28_12:00:00;149415.9291
2027-07-28_13:00:00;148068.7877
2027-07-28_14:00:00;145986.5787
2027-07-28_15:00:00;142950.5748
2027-07-28_16:00:00;138519.4268
2027-07-28_17:00:00;134540.8680
2027-07-28_18:00:00;129840.9411
2027-07-28_19:00:00;124297.6454
2027-07-28_20:00:00;122048.1196
2027-07-28_21:00:00;119019.9582
2027-07-28_22:00:00;114181.0099
2027-07-28_23:00:00;105807.9152
2027-07-29_00:00:00;99164.9761
2027-07-29_01:00:00;96613.5848
2027-07-29_02:00:00;96123.1653
2027-07-29_03:00:00;96720.8033
2027-07-29_04:00:00;101427.9199
2027-07-29_05:00:00;112916.5190
2027-07-29_06:00:00;120284.1210
2027-07-29_07:00:00;132928.6473
2027-07-29_08:00:00;138874.5652
2027-07-29_09:00:00;145050.4628
2027-07-29_10:00:00;148297.2168
2027-07-29_11:00:00;149149.3049
2027-07-29_12:00:00;146541.4575
2027-07-29_13:00:00;144247.4715
2027-07-29_14:00:00;140446.6728
2027-07-29_15:00:00;137122.5202
2027-07-29_16:00:00;133444.9986
2027-07-29_17:00:00;130395.8758
2027-07-29_18:00:00;126484.6138
2027-07-29_19:00:00;120637.0735
2027-07-29_20:00:00;119118.0221
2027-07-29_21:00:00;117881.7063
2027-07-29_22:00:00;114909.7818
2027-07-29_23:00:00;104735.6422
2027-07-30_00:00:00;98884.2694
2027-07-30_01:00:00;97092.1865
2027-07-30_02:00:00;95721.0108
2027-07-30_03:00:00;96569.5103
2027-07-30_04:00:00;102730.0905
2027-07-30_05:00:00;113771.4127
2027-07-30_06:00:00;124948.2556
2027-07-30_07:00:00;134547.6764
2027-07-30_08:00:00;141140.9209
2027-07-30_09:00:00;145725.7078
2027-07-30_10:00:00;149496.0210
2027-07-30_11:00:00;150006.0946
2027-07-30_12:00:00;147120.1727
2027-07-30_13:00:00;145156.1494
2027-07-30_14:00:00;142970.9908
2027-07-30_15:00:00;140166.5303
2027-07-30_16:00:00;136574.5307
2027-07-30_17:00:00;131475.2683
2027-07-30_18:00:00;124082.1767
2027-07-30_19:00:00;116436.7772
2027-07-30_20:00:00;116251.4997
2027-07-30_21:00:00;114118.8136
2027-07-30_22:00:00;109677.1159
2027-07-30_23:00:00;100443.4574
2027-07-31_00:00:00;96738.9494
2027-07-31_01:00:00;94846.0655
2027-07-31_02:00:00;91433.1408
2027-07-31_03:00:00;91501.5376
2027-07-31_04:00:00;92609.6817
2027-07-31_05:00:00;95960.8582
2027-07-31_06:00:00;102556.4804
2027-07-31_07:00:00;111773.6196
2027-07-31_08:00:00;120550.1233
2027-07-31_09:00:00;127696.6172
2027-07-31_10:00:00;131574.4121
2027-07-31_11:00:00;131465.3724
2027-07-31_12:00:00;129131.1516
2027-07-31_13:00:00;126510.2942
2027-07-31_14:00:00;122404.0182
2027-07-31_15:00:00;119992.1111
2027-07-31_16:00:00;116733.8287
2027-07-31_17:00:00;111440.0871
2027-07-31_18:00:00;107132.9389
2027-07-31_19:00:00;101029.7917
2027-07-31_20:00:00;101715.2122
2027-07-31_21:00:00;100729.7143
2027-07-31_22:00:00;96110.8641
2027-07-31_23:00:00;88510.9750
2027-08-01_00:00:00;85061.8266
2027-08-01_01:00:00;84565.8926
2027-08-01_02:00:00;81897.3819
2027-08-01_03:00:00;79647.3437
2027-08-01_04:00:00;80521.0958
2027-08-01_05:00:00;81531.0213
2027-08-01_06:00:00;86086.8267
2027-08-01_07:00:00;94207.4958
2027-08-01_08:00:00;102313.1149
2027-08-01_09:00:00;109040.7375
2027-08-01_10:00:00;113451.5391
2027-08-01_11:00:00;113893.3780
2027-08-01_12:00:00;111306.3004
2027-08-01_13:00:00;108643.6754
2027-08-01_14:00:00;105753.4991
2027-08-01_15:00:00;103236.4501
2027-08-01_16:00:00;105651.4732
2027-08-01_17:00:00;109472.1903
2027-08-01_18:00:00;107546.7793
2027-08-01_19:00:00;105277.1242
2027-08-01_20:00:00;105867.7167
2027-08-01_21:00:00;105395.3733
2027-08-01_22:00:00;102785.0698
2027-08-01_23:00:00;96630.2696
2027-08-02_00:00:00;92752.3064
2027-08-02_01:00:00;92173.0628
2027-08-02_02:00:00;88842.6300
2027-08-02_03:00:00;90080.5734
2027-08-02_04:00:00;97392.1065
2027-08-02_05:00:00;108103.9315
2027-08-02_06:00:00;118721.2036
2027-08-02_07:00:00;128942.0043
2027-08-02_08:00:00;137662.6197
2027-08-02_09:00:00;145040.1525
2027-08-02_10:00:00;149429.1951
2027-08-02_11:00:00;148468.1217
2027-08-02_12:00:00;145868.9239
2027-08-02_13:00:00;143620.2404
2027-08-02_14:00:00;140676.8605
2027-08-02_15:00:00;134056.7044
2027-08-02_16:00:00;127864.8551
2027-08-02_17:00:00;124074.9226
2027-08-02_18:00:00;120565.7995
2027-08-02_19:00:00;113278.1640
2027-08-02_20:00:00;112905.0491
2027-08-02_21:00:00;109714.6249
2027-08-02_22:00:00;102792.2643
2027-08-02_23:00:00;98114.1266
2027-08-03_00:00:00;93968.1332
2027-08-03_01:00:00;89946.1637
2027-08-03_02:00:00;86780.2488
2027-08-03_03:00:00;88397.7558
2027-08-03_04:00:00;95842.1875
2027-08-03_05:00:00;105638.9498
2027-08-03_06:00:00;118234.6732
2027-08-03_07:00:00;128093.0643
2027-08-03_08:00:00;131436.7396
2027-08-03_09:00:00;135791.9273
2027-08-03_10:00:00;138932.4785
2027-08-03_11:00:00;138706.1448
2027-08-03_12:00:00;136021.0437
2027-08-03_13:00:00;133522.3398
2027-08-03_14:00:00;129315.6993
2027-08-03_15:00:00;127186.0908
2027-08-03_16:00:00;124389.7104
2027-08-03_17:00:00;124040.9231
2027-08-03_18:00:00;123326.5581
2027-08-03_19:00:00;118902.1666
2027-08-03_20:00:00;117397.8161
2027-08-03_21:00:00;114603.2010
2027-08-03_22:00:00;108734.0339
2027-08-03_23:00:00;101418.0313
2027-08-04_00:00:00;97164.9313
2027-08-04_01:00:00;94076.8976
2027-08-04_02:00:00;92071.7680
2027-08-04_03:00:00;94719.9019
2027-08-04_04:00:00;101356.6593
2027-08-04_05:00:00;113402.3477
2027-08-04_06:00:00;126521.5282
2027-08-04_07:00:00;137047.4043
2027-08-04_08:00:00;143208.8839
2027-08-04_09:00:00;147744.5811
2027-08-04_10:00:00;151599.6043
2027-08-04_11:00:00;152970.6711
2027-08-04_12:00:00;151436.6505
2027-08-04_13:00:00;149210.0411
2027-08-04_14:00:00;146640.3466
2027-08-04_15:00:00;143267.4974
2027-08-04_16:00:00;141888.0693
2027-08-04_17:00:00;138123.2617
2027-08-04_18:00:00;134424.7642
2027-08-04_19:00:00;128608.4610
2027-08-04_20:00:00;127753.6582
2027-08-04_21:00:00;121908.7741
2027-08-04_22:00:00;113076.5227
2027-08-04_23:00:00;106658.4817
2027-08-05_00:00:00;100871.2732
2027-08-05_01:00:00;97471.3170
2027-08-05_02:00:00;95612.5351
2027-08-05_03:00:00;95991.3970
2027-08-05_04:00:00;102007.2249
2027-08-05_05:00:00;116941.6728
2027-08-05_06:00:00;131113.0998
2027-08-05_07:00:00;139970.8923
2027-08-05_08:00:00;145445.3470
2027-08-05_09:00:00;151594.3593
2027-08-05_10:00:00;155587.1850
2027-08-05_11:00:00;154647.8872
2027-08-05_12:00:00;152543.1930
2027-08-05_13:00:00;149942.2867
2027-08-05_14:00:00;147573.2655
2027-08-05_15:00:00;143338.4617
2027-08-05_16:00:00;139283.1336
2027-08-05_17:00:00;130918.5215
2027-08-05_18:00:00;127930.0215
2027-08-05_19:00:00;122038.5897
2027-08-05_20:00:00;119778.6509
2027-08-05_21:00:00;114754.5796
2027-08-05_22:00:00;109364.4178
2027-08-05_23:00:00;103629.1408
2027-08-06_00:00:00;97686.3912
2027-08-06_01:00:00;94947.8259
2027-08-06_02:00:00;91977.8308
2027-08-06_03:00:00;92748.4297
2027-08-06_04:00:00;98913.9519
2027-08-06_05:00:00;108065.4422
2027-08-06_06:00:00;119019.1333
2027-08-06_07:00:00;127126.9887
2027-08-06_08:00:00;129854.7177
2027-08-06_09:00:00;133651.8701
2027-08-06_10:00:00;137689.1483
2027-08-06_11:00:00;138294.1858
2027-08-06_12:00:00;137401.1676
2027-08-06_13:00:00;135094.8367
2027-08-06_14:00:00;132571.4640
2027-08-06_15:00:00;129572.9196
2027-08-06_16:00:00;128590.2405
2027-08-06_17:00:00;125660.8886
2027-08-06_18:00:00;121911.4965
2027-08-06_19:00:00;115858.0387
2027-08-06_20:00:00;114940.6870
2027-08-06_21:00:00;111670.6837
2027-08-06_22:00:00;106179.7571
2027-08-06_23:00:00;97463.4673
2027-08-07_00:00:00;95849.5300
2027-08-07_01:00:00;92561.5571
2027-08-07_02:00:00;90129.9455
2027-08-07_03:00:00;87534.4403
2027-08-07_04:00:00;86504.6242
2027-08-07_05:00:00;89969.0291
2027-08-07_06:00:00;97607.6212
2027-08-07_07:00:00;104835.6128
2027-08-07_08:00:00;113017.4305
2027-08-07_09:00:00;118606.0870
2027-08-07_10:00:00;121819.2761
2027-08-07_11:00:00;123918.0682
2027-08-07_12:00:00;120216.9154
2027-08-07_13:00:00;117215.2218
2027-08-07_14:00:00;114496.3505
2027-08-07_15:00:00;111542.3348
2027-08-07_16:00:00;113088.3639
2027-08-07_17:00:00;109938.9881
2027-08-07_18:00:00;105265.2324
2027-08-07_19:00:00;100442.0422
2027-08-07_20:00:00;100400.5929
2027-08-07_21:00:00;99518.3004
2027-08-07_22:00:00;95277.1300
2027-08-07_23:00:00;89080.4208
2027-08-08_00:00:00;83533.7788
2027-08-08_01:00:00;80024.0619
2027-08-08_02:00:00;77657.5050
2027-08-08_03:00:00;76693.2275
2027-08-08_04:00:00;76290.3606
2027-08-08_05:00:00;76699.4403
2027-08-08_06:00:00;82882.1321
2027-08-08_07:00:00;94220.3883
2027-08-08_08:00:00;104033.6543
2027-08-08_09:00:00;110139.2583
2027-08-08_10:00:00;114787.3108
2027-08-08_11:00:00;115817.4059
2027-08-08_12:00:00;112498.5101
2027-08-08_13:00:00;111282.4404
2027-08-08_14:00:00;108343.6191
2027-08-08_15:00:00;103354.9738
2027-08-08_16:00:00;102800.8388
2027-08-08_17:00:00;104482.7913
2027-08-08_18:00:00;100271.2491
2027-08-08_19:00:00;98393.5582
2027-08-08_20:00:00;101373.1665
2027-08-08_21:00:00;102015.4926
2027-08-08_22:00:00;99380.6820
2027-08-08_23:00:00;95305.8270
2027-08-09_00:00:00;91068.0933
2027-08-09_01:00:00;90628.9227
2027-08-09_02:00:00;86535.0520
2027-08-09_03:00:00;89364.9306
2027-08-09_04:00:00;97668.6951
2027-08-09_05:00:00;108810.4908
2027-08-09_06:00:00;123909.8396
2027-08-09_07:00:00;134955.7222
2027-08-09_08:00:00;142848.5960
2027-08-09_09:00:00;148085.6133
2027-08-09_10:00:00;152467.5236
2027-08-09_11:00:00;152714.8130
2027-08-09_12:00:00;152521.1289
2027-08-09_13:00:00;148765.3136
2027-08-09_14:00:00;146050.4848
2027-08-09_15:00:00;142351.1123
2027-08-09_16:00:00;138722.4921
2027-08-09_17:00:00;132445.4360
2027-08-09_18:00:00;125719.3202
2027-08-09_19:00:00;120262.3588
2027-08-09_20:00:00;118618.4863
2027-08-09_21:00:00;114309.6130
2027-08-09_22:00:00;106928.3589
2027-08-09_23:00:00;98803.6103
2027-08-10_00:00:00;92922.6212
2027-08-10_01:00:00;90346.9513
2027-08-10_02:00:00;90217.6587
2027-08-10_03:00:00;90111.5157
2027-08-10_04:00:00;95627.9969
2027-08-10_05:00:00;105557.1083
2027-08-10_06:00:00;115488.7191
2027-08-10_07:00:00;123832.3966
2027-08-10_08:00:00;128161.9828
2027-08-10_09:00:00;132205.5653
2027-08-10_10:00:00;137262.9921
2027-08-10_11:00:00;140376.2413
2027-08-10_12:00:00;140516.1262
2027-08-10_13:00:00;139490.1764
2027-08-10_14:00:00;136911.3779
2027-08-10_15:00:00;133764.3435
2027-08-10_16:00:00;133215.7619
2027-08-10_17:00:00;128269.1807
2027-08-10_18:00:00;123828.3147
2027-08-10_19:00:00;118601.1865
2027-08-10_20:00:00;116626.6746
2027-08-10_21:00:00;113023.5010
2027-08-10_22:00:00;106783.0415
2027-08-10_23:00:00;98846.0071
2027-08-11_00:00:00;93875.2170
2027-08-11_01:00:00;91504.5551
2027-08-11_02:00:00;89921.8733
2027-08-11_03:00:00;92032.9961
2027-08-11_04:00:00;98209.6502
2027-08-11_05:00:00;110242.0324
2027-08-11_06:00:00;118648.3082
2027-08-11_07:00:00;127416.2080
2027-08-11_08:00:00;133305.1301
2027-08-11_09:00:00;138071.3298
2027-08-11_10:00:00;142650.5039
2027-08-11_11:00:00;143986.1926
2027-08-11_12:00:00;141947.5535
2027-08-11_13:00:00;137106.8716
2027-08-11_14:00:00;134261.6675
2027-08-11_15:00:00;130330.6172
2027-08-11_16:00:00;128359.2438
2027-08-11_17:00:00;123107.3200
2027-08-11_18:00:00;119194.7367
2027-08-11_19:00:00;115513.9061
2027-08-11_20:00:00;113153.1693
2027-08-11_21:00:00;109764.2466
2027-08-11_22:00:00;105070.8874
2027-08-11_23:00:00;99408.7798
2027-08-12_00:00:00;94343.4949
2027-08-12_01:00:00;91307.2931
2027-08-12_02:00:00;88578.6754
2027-08-12_03:00:00;90008.7732
2027-08-12_04:00:00;93722.0740
2027-08-12_05:00:00;106248.0551
2027-08-12_06:00:00;115870.6078
2027-08-12_07:00:00;125777.2402
2027-08-12_08:00:00;131931.7454
2027-08-12_09:00:00;139008.8237
2027-08-12_10:00:00;143984.6085
2027-08-12_11:00:00;145231.0727
2027-08-12_12:00:00;144681.0808
2027-08-12_13:00:00;141807.4971
2027-08-12_14:00:00;138168.2786
2027-08-12_15:00:00;131990.5664
2027-08-12_16:00:00;131099.2006
2027-08-12_17:00:00;125072.6569
2027-08-12_18:00:00;121264.4985
2027-08-12_19:00:00;118147.6212
2027-08-12_20:00:00;114981.1965
2027-08-12_21:00:00;110312.8496
2027-08-12_22:00:00;107354.3346
2027-08-12_23:00:00;101966.5893
2027-08-13_00:00:00;97050.6314
2027-08-13_01:00:00;91771.4656
2027-08-13_02:00:00;89723.4502
2027-08-13_03:00:00;89311.2316
2027-08-13_04:00:00;94989.3479
2027-08-13_05:00:00;105373.2756
2027-08-13_06:00:00;115018.2536
2027-08-13_07:00:00;122836.4697
2027-08-13_08:00:00;127879.4590
2027-08-13_09:00:00;131668.9011
2027-08-13_10:00:00;133818.1954
2027-08-13_11:00:00;131545.2959
2027-08-13_12:00:00;129040.8026
2027-08-13_13:00:00;127186.0533
2027-08-13_14:00:00;126997.2188
2027-08-13_15:00:00;123877.5637
2027-08-13_16:00:00;122517.2358
2027-08-13_17:00:00;121617.1678
2027-08-13_18:00:00;118923.9365
2027-08-13_19:00:00;115881.3571
2027-08-13_20:00:00;115704.6444
2027-08-13_21:00:00;113015.5047
2027-08-13_22:00:00;106868.9318
2027-08-13_23:00:00;103383.1600
2027-08-14_00:00:00;96940.8907
2027-08-14_01:00:00;95024.4033
2027-08-14_02:00:00;94256.2814
2027-08-14_03:00:00;92601.4541
2027-08-14_04:00:00;94194.9611
2027-08-14_05:00:00;97535.9588
2027-08-14_06:00:00;106875.7804
2027-08-14_07:00:00;115165.4565
2027-08-14_08:00:00;125381.0759
2027-08-14_09:00:00;133387.5239
2027-08-14_10:00:00;136956.9998
2027-08-14_11:00:00;134317.8843
2027-08-14_12:00:00;129144.0282
2027-08-14_13:00:00;126256.1936
2027-08-14_14:00:00;124009.5452
2027-08-14_15:00:00;123609.4166
2027-08-14_16:00:00;123198.4414
2027-08-14_17:00:00;118335.1347
2027-08-14_18:00:00;114133.7963
2027-08-14_19:00:00;109254.8972
2027-08-14_20:00:00;109711.9042
2027-08-14_21:00:00;105827.1875
2027-08-14_22:00:00;99494.7482
2027-08-14_23:00:00;94756.7251
2027-08-15_00:00:00;90531.9062
2027-08-15_01:00:00;85583.1882
2027-08-15_02:00:00;83782.6972
2027-08-15_03:00:00;81743.6055
2027-08-15_04:00:00;81365.6179
2027-08-15_05:00:00;82089.0728
2027-08-15_06:00:00;86864.2952
2027-08-15_07:00:00;94079.5713
2027-08-15_08:00:00;103624.5852
2027-08-15_09:00:00;111753.7413
2027-08-15_10:00:00;114630.0422
2027-08-15_11:00:00;117484.3855
2027-08-15_12:00:00;114971.1215
2027-08-15_13:00:00;111628.4284
2027-08-15_14:00:00;109284.9338
2027-08-15_15:00:00;105237.9239
2027-08-15_16:00:00;107060.7205
2027-08-15_17:00:00;104526.1366
2027-08-15_18:00:00;101961.9862
2027-08-15_19:00:00;98040.8688
2027-08-15_20:00:00;99239.1564
2027-08-15_21:00:00;98624.5158
2027-08-15_22:00:00;94064.6807
2027-08-15_23:00:00;89579.6365
2027-08-16_00:00:00;85214.1168
2027-08-16_01:00:00;79903.7390
2027-08-16_02:00:00;80098.7463
2027-08-16_03:00:00;80071.5762
2027-08-16_04:00:00;85241.1579
2027-08-16_05:00:00;91150.3881
2027-08-16_06:00:00;101340.4526
2027-08-16_07:00:00;113096.1550
2027-08-16_08:00:00;120444.2810
2027-08-16_09:00:00;126843.4930
2027-08-16_10:00:00;130773.2954
2027-08-16_11:00:00;129842.0728
2027-08-16_12:00:00;129429.0855
2027-08-16_13:00:00;127860.4160
2027-08-16_14:00:00;126470.8234
2027-08-16_15:00:00;121860.7395
2027-08-16_16:00:00;116916.4723
2027-08-16_17:00:00;114300.4567
2027-08-16_18:00:00;110987.1046
2027-08-16_19:00:00;110389.2672
2027-08-16_20:00:00;109063.9572
2027-08-16_21:00:00;104895.6021
2027-08-16_22:00:00;98847.4452
2027-08-16_23:00:00;93122.4715
2027-08-17_00:00:00;89808.6471
2027-08-17_01:00:00;86802.4712
2027-08-17_02:00:00;84919.3582
2027-08-17_03:00:00;87066.9882
2027-08-17_04:00:00;94003.8745
2027-08-17_05:00:00;105801.5948
2027-08-17_06:00:00;118045.8086
2027-08-17_07:00:00;129376.4910
2027-08-17_08:00:00;137404.2366
2027-08-17_09:00:00;145669.8546
2027-08-17_10:00:00;150010.2909
2027-08-17_11:00:00;150395.5958
2027-08-17_12:00:00;148625.0742
2027-08-17_13:00:00;146508.2737
2027-08-17_14:00:00;143419.4211
2027-08-17_15:00:00;138939.7028
2027-08-17_16:00:00;134895.6242
2027-08-17_17:00:00;130715.7896
2027-08-17_18:00:00;125862.6353
2027-08-17_19:00:00;123711.0811
2027-08-17_20:00:00;124509.5832
2027-08-17_21:00:00;119940.3948
2027-08-17_22:00:00;111858.3857
2027-08-17_23:00:00;101868.2147
2027-08-18_00:00:00;96928.5352
2027-08-18_01:00:00;91170.0739
2027-08-18_02:00:00;89190.4101
2027-08-18_03:00:00;90586.4219
2027-08-18_04:00:00;97211.8372
2027-08-18_05:00:00;110217.3815
2027-08-18_06:00:00;123615.3738
2027-08-18_07:00:00;134140.1461
2027-08-18_08:00:00;141242.3636
2027-08-18_09:00:00;146689.7821
2027-08-18_10:00:00;150174.8324
2027-08-18_11:00:00;148769.8103
2027-08-18_12:00:00;146859.6003
2027-08-18_13:00:00;144250.6777
2027-08-18_14:00:00;141683.2378
2027-08-18_15:00:00;139199.0438
2027-08-18_16:00:00;137535.6174
2027-08-18_17:00:00;130393.4065
2027-08-18_18:00:00;126667.1148
2027-08-18_19:00:00;121805.6940
2027-08-18_20:00:00;122402.2487
2027-08-18_21:00:00;116905.3565
2027-08-18_22:00:00;109109.7057
2027-08-18_23:00:00;102196.7176
2027-08-19_00:00:00;98669.5495
2027-08-19_01:00:00;94198.9231
2027-08-19_02:00:00;92594.9261
2027-08-19_03:00:00;91029.8482
2027-08-19_04:00:00;100111.8844
2027-08-19_05:00:00;115122.1764
2027-08-19_06:00:00;124463.6367
2027-08-19_07:00:00;135634.3363
2027-08-19_08:00:00;142787.1918
2027-08-19_09:00:00;148810.3972
2027-08-19_10:00:00;151880.0011
2027-08-19_11:00:00;152484.3334
2027-08-19_12:00:00;150828.1145
2027-08-19_13:00:00;147971.7187
2027-08-19_14:00:00;144637.0452
2027-08-19_15:00:00;141566.6661
2027-08-19_16:00:00;136683.1333
2027-08-19_17:00:00;133746.0068
2027-08-19_18:00:00;129637.3588
2027-08-19_19:00:00;127361.1852
2027-08-19_20:00:00;126946.8064
2027-08-19_21:00:00;118976.2698
2027-08-19_22:00:00;112307.1928
2027-08-19_23:00:00;103677.1390
2027-08-20_00:00:00;98774.7640
2027-08-20_01:00:00;96265.9419
2027-08-20_02:00:00;95464.2457
2027-08-20_03:00:00;95426.6490
2027-08-20_04:00:00;101213.3666
2027-08-20_05:00:00;111925.6431
2027-08-20_06:00:00;125846.9472
2027-08-20_07:00:00;136300.8086
2027-08-20_08:00:00;143013.2821
2027-08-20_09:00:00;149605.8310
2027-08-20_10:00:00;152468.1439
2027-08-20_11:00:00;151414.4028
2027-08-20_12:00:00;149189.7608
2027-08-20_13:00:00;145824.0961
2027-08-20_14:00:00;143936.9933
2027-08-20_15:00:00;140959.7312
2027-08-20_16:00:00;137086.5197
2027-08-20_17:00:00;129747.9138
2027-08-20_18:00:00;124070.6942
2027-08-20_19:00:00;121167.6464
2027-08-20_20:00:00;122117.0757
2027-08-20_21:00:00;115740.6512
2027-08-20_22:00:00;110189.8231
2027-08-20_23:00:00;101567.4797
2027-08-21_00:00:00;97090.8433
2027-08-21_01:00:00;92189.1491
2027-08-21_02:00:00;89664.8933
2027-08-21_03:00:00;91522.7929
2027-08-21_04:00:00;91888.9099
2027-08-21_05:00:00;92508.3985
2027-08-21_06:00:00;98252.3988
2027-08-21_07:00:00;107677.2896
2027-08-21_08:00:00;116350.2639
2027-08-21_09:00:00;121688.9923
2027-08-21_10:00:00;126565.8311
2027-08-21_11:00:00;127523.5326
2027-08-21_12:00:00;124548.6647
2027-08-21_13:00:00;117677.2011
2027-08-21_14:00:00;113317.2244
2027-08-21_15:00:00;109970.2947
2027-08-21_16:00:00;107954.2347
2027-08-21_17:00:00;109246.2966
2027-08-21_18:00:00;107572.8458
2027-08-21_19:00:00;105278.5656
2027-08-21_20:00:00;105385.4756
2027-08-21_21:00:00;104809.1392
2027-08-21_22:00:00;101972.8685
2027-08-21_23:00:00;94865.0867
2027-08-22_00:00:00;88715.6842
2027-08-22_01:00:00;85274.2062
2027-08-22_02:00:00;82490.2621
2027-08-22_03:00:00;80507.6422
2027-08-22_04:00:00;80079.9878
2027-08-22_05:00:00;81790.4055
2027-08-22_06:00:00;88294.7530
2027-08-22_07:00:00;95757.2760
2027-08-22_08:00:00;105687.0824
2027-08-22_09:00:00;113950.7330
2027-08-22_10:00:00;118264.1838
2027-08-22_11:00:00;116723.3419
2027-08-22_12:00:00;113852.3838
2027-08-22_13:00:00;108727.0255
2027-08-22_14:00:00;104984.6460
2027-08-22_15:00:00;106746.1060
2027-08-22_16:00:00;109584.2342
2027-08-22_17:00:00;110120.8774
2027-08-22_18:00:00;108408.2442
2027-08-22_19:00:00;108889.1478
2027-08-22_20:00:00;110544.3040
2027-08-22_21:00:00;109330.5851
2027-08-22_22:00:00;103314.9224
2027-08-22_23:00:00;103025.2402
2027-08-23_00:00:00;98421.4859
2027-08-23_01:00:00;94583.0803
2027-08-23_02:00:00;90522.8952
2027-08-23_03:00:00;92397.1662
2027-08-23_04:00:00;101167.4314
2027-08-23_05:00:00;114277.6364
2027-08-23_06:00:00;127128.2022
2027-08-23_07:00:00;137512.7314
2027-08-23_08:00:00;145289.0295
2027-08-23_09:00:00;151233.2719
2027-08-23_10:00:00;156679.8631
2027-08-23_11:00:00;155996.4638
2027-08-23_12:00:00;152379.6838
2027-08-23_13:00:00;151298.8980
2027-08-23_14:00:00;148073.2032
2027-08-23_15:00:00;144005.0465
2027-08-23_16:00:00;143613.1206
2027-08-23_17:00:00;137470.6633
2027-08-23_18:00:00;134605.7384
2027-08-23_19:00:00;132859.3800
2027-08-23_20:00:00;131422.9657
2027-08-23_21:00:00;124380.9729
2027-08-23_22:00:00;116760.1026
2027-08-23_23:00:00;108584.0263
2027-08-24_00:00:00;103817.8333
2027-08-24_01:00:00;101755.4234
2027-08-24_02:00:00;100157.0522
2027-08-24_03:00:00;99431.7096
2027-08-24_04:00:00;106845.6773
2027-08-24_05:00:00;120092.2218
2027-08-24_06:00:00;129476.9655
2027-08-24_07:00:00;137807.1466
2027-08-24_08:00:00;142834.6879
2027-08-24_09:00:00;152095.9938
2027-08-24_10:00:00;155495.6000
2027-08-24_11:00:00;154034.1665
2027-08-24_12:00:00;152260.8083
2027-08-24_13:00:00;149673.8823
2027-08-24_14:00:00;147974.4834
2027-08-24_15:00:00;143334.4313
2027-08-24_16:00:00;138715.4407
2027-08-24_17:00:00;132258.0760
2027-08-24_18:00:00;129484.4821
2027-08-24_19:00:00;127867.7574
2027-08-24_20:00:00;127781.3371
2027-08-24_21:00:00;120388.2035
2027-08-24_22:00:00;112633.9930
2027-08-24_23:00:00;106117.4102
2027-08-25_00:00:00;100978.5916
2027-08-25_01:00:00;97814.6192
2027-08-25_02:00:00;96136.7565
2027-08-25_03:00:00;96726.7419
2027-08-25_04:00:00;104174.4075
2027-08-25_05:00:00;115811.2028
2027-08-25_06:00:00;130737.8338
2027-08-25_07:00:00;144379.3525
2027-08-25_08:00:00;150609.1952
2027-08-25_09:00:00;156141.5271
2027-08-25_10:00:00;159505.6838
2027-08-25_11:00:00;158897.8507
2027-08-25_12:00:00;158548.8299
2027-08-25_13:00:00;156209.2588
2027-08-25_14:00:00;154586.9438
2027-08-25_15:00:00;150666.8415
2027-08-25_16:00:00;144499.5517
2027-08-25_17:00:00;137879.7218
2027-08-25_18:00:00;133305.9152
2027-08-25_19:00:00;133856.3288
2027-08-25_20:00:00;132892.3290
2027-08-25_21:00:00;127489.5420
2027-08-25_22:00:00;119892.3690
2027-08-25_23:00:00;113546.8845
2027-08-26_00:00:00;109750.5970
2027-08-26_01:00:00;106823.0357
2027-08-26_02:00:00;103827.4756
2027-08-26_03:00:00;105280.5661
2027-08-26_04:00:00;112208.3011
2027-08-26_05:00:00;125234.6388
2027-08-26_06:00:00;137679.9900
2027-08-26_07:00:00;146730.7696
2027-08-26_08:00:00;150844.9696
2027-08-26_09:00:00;154772.2454
2027-08-26_10:00:00;158622.2428
2027-08-26_11:00:00;158157.0806
2027-08-26_12:00:00;156239.2489
2027-08-26_13:00:00;153321.6526
2027-08-26_14:00:00;151166.1913
2027-08-26_15:00:00;147887.5710
2027-08-26_16:00:00;144302.0632
2027-08-26_17:00:00;140629.9314
2027-08-26_18:00:00;136221.1857
2027-08-26_19:00:00;136491.9404
2027-08-26_20:00:00;135814.5855
2027-08-26_21:00:00;130332.9562
2027-08-26_22:00:00;121031.2245
2027-08-26_23:00:00;113957.6475
2027-08-27_00:00:00;110532.5154
2027-08-27_01:00:00;108582.9511
2027-08-27_02:00:00;107228.8805
2027-08-27_03:00:00;106810.6539
2027-08-27_04:00:00;113654.6152
2027-08-27_05:00:00;125664.5624
2027-08-27_06:00:00;137472.4811
2027-08-27_07:00:00;148436.9052
2027-08-27_08:00:00;151958.3622
2027-08-27_09:00:00;156090.1845
2027-08-27_10:00:00;159205.5197
2027-08-27_11:00:00;157731.9861
2027-08-27_12:00:00;154865.4495
2027-08-27_13:00:00;151298.4452
2027-08-27_14:00:00;147286.1998
2027-08-27_15:00:00;143094.7187
2027-08-27_16:00:00;139825.7890
2027-08-27_17:00:00;133876.0867
2027-08-27_18:00:00;127970.4816
2027-08-27_19:00:00;127630.0661
2027-08-27_20:00:00;125458.2710
2027-08-27_21:00:00;116696.2172
2027-08-27_22:00:00;110290.0132
2027-08-27_23:00:00;106439.2218
2027-08-28_00:00:00;102847.8336
2027-08-28_01:00:00;99303.0620
2027-08-28_02:00:00;97072.3011
2027-08-28_03:00:00;94300.4986
2027-08-28_04:00:00;93998.8977
2027-08-28_05:00:00;98132.5212
2027-08-28_06:00:00;104535.5165
2027-08-28_07:00:00;115047.4514
2027-08-28_08:00:00;123376.9748
2027-08-28_09:00:00;130505.7251
2027-08-28_10:00:00;134008.5870
2027-08-28_11:00:00;131778.6406
2027-08-28_12:00:00;128335.4494
2027-08-28_13:00:00;124659.8218
2027-08-28_14:00:00;123258.8044
2027-08-28_15:00:00;122108.0298
2027-08-28_16:00:00;119741.5162
2027-08-28_17:00:00;117007.1388
2027-08-28_18:00:00;115262.8246
2027-08-28_19:00:00;115855.6721
2027-08-28_20:00:00;116332.4414
2027-08-28_21:00:00;112607.8434
2027-08-28_22:00:00;110158.9605
2027-08-28_23:00:00;103316.6669
2027-08-29_00:00:00;102028.4679
2027-08-29_01:00:00;99209.1359
2027-08-29_02:00:00;96756.5013
2027-08-29_03:00:00;93935.1417
2027-08-29_04:00:00;93972.4371
2027-08-29_05:00:00;94946.2299
2027-08-29_06:00:00;97231.7635
2027-08-29_07:00:00;109222.0948
2027-08-29_08:00:00;116295.9479
2027-08-29_09:00:00;119323.3765
2027-08-29_10:00:00;123866.4892
2027-08-29_11:00:00;121019.8792
2027-08-29_12:00:00;118087.6772
2027-08-29_13:00:00;116658.1723
2027-08-29_14:00:00;115774.9159
2027-08-29_15:00:00;117756.0366
2027-08-29_16:00:00;118133.1823
2027-08-29_17:00:00;117428.6818
2027-08-29_18:00:00;119001.6113
2027-08-29_19:00:00;121188.3292
2027-08-29_20:00:00;120546.5307
2027-08-29_21:00:00;115255.9514
2027-08-29_22:00:00;110859.3819
2027-08-29_23:00:00;105624.4871
2027-08-30_00:00:00;103030.0432
2027-08-30_01:00:00;99537.7048
2027-08-30_02:00:00;99684.5212
2027-08-30_03:00:00;100608.3832
2027-08-30_04:00:00;108195.0524
2027-08-30_05:00:00;122970.6814
2027-08-30_06:00:00;132947.0784
2027-08-30_07:00:00;143786.2743
2027-08-30_08:00:00;151626.1077
2027-08-30_09:00:00;155452.9029
2027-08-30_10:00:00;157515.5051
2027-08-30_11:00:00;154426.0398
2027-08-30_12:00:00;152590.2263
2027-08-30_13:00:00;149340.4348
2027-08-30_14:00:00;148011.6254
2027-08-30_15:00:00;145294.0400
2027-08-30_16:00:00;143802.8903
2027-08-30_17:00:00;140321.5178
2027-08-30_18:00:00;137423.2242
2027-08-30_19:00:00;135325.4477
2027-08-30_20:00:00;129661.7800
2027-08-30_21:00:00;119052.0039
2027-08-30_22:00:00;111359.6099
2027-08-30_23:00:00;106593.6201
2027-08-31_00:00:00;103897.1476
2027-08-31_01:00:00;100316.9566
2027-08-31_02:00:00;98079.1839
2027-08-31_03:00:00;98105.0449
2027-08-31_04:00:00;107843.7885
2027-08-31_05:00:00;123756.0865
2027-08-31_06:00:00;133956.2921
2027-08-31_07:00:00;142792.8273
2027-08-31_08:00:00;149279.3817
2027-08-31_09:00:00;153587.9865
2027-08-31_10:00:00;157079.6402
2027-08-31_11:00:00;155579.0612
2027-08-31_12:00:00;154583.8079
2027-08-31_13:00:00;151369.8867
2027-08-31_14:00:00;148097.3955
2027-08-31_15:00:00;144499.1819
2027-08-31_16:00:00;139069.8837
2027-08-31_17:00:00;132548.5876
2027-08-31_18:00:00;128426.8225
2027-08-31_19:00:00;128551.5667
2027-08-31_20:00:00;125498.4665
2027-08-31_21:00:00;116507.9858
2027-08-31_22:00:00;108864.6117
2027-08-31_23:00:00;103115.4283
2027-09-01_00:00:00;99586.0330
2027-09-01_01:00:00;96304.0372
2027-09-01_02:00:00;94735.8053
2027-09-01_03:00:00;96417.5988
2027-09-01_04:00:00;106571.2041
2027-09-01_05:00:00;121726.9286
2027-09-01_06:00:00;132631.1754
2027-09-01_07:00:00;141996.2214
2027-09-01_08:00:00;148199.4725
2027-09-01_09:00:00;152045.5459
2027-09-01_10:00:00;155176.7139
2027-09-01_11:00:00;152930.8836
2027-09-01_12:00:00;153123.9783
2027-09-01_13:00:00;151056.7448
2027-09-01_14:00:00;149587.5822
2027-09-01_15:00:00;145873.8607
2027-09-01_16:00:00;140323.3626
2027-09-01_17:00:00;133858.4482
2027-09-01_18:00:00;131121.7259
2027-09-01_19:00:00;131315.5319
2027-09-01_20:00:00;126849.2022
2027-09-01_21:00:00;118947.0064
2027-09-01_22:00:00;110794.5354
2027-09-01_23:00:00;103707.7798
2027-09-02_00:00:00;99801.8369
2027-09-02_01:00:00;97268.0419
2027-09-02_02:00:00;95292.1706
2027-09-02_03:00:00;95818.8764
2027-09-02_04:00:00;106456.3389
2027-09-02_05:00:00;121067.2874
2027-09-02_06:00:00;132217.7993
2027-09-02_07:00:00;140020.2114
2027-09-02_08:00:00;146763.0197
2027-09-02_09:00:00;150537.2301
2027-09-02_10:00:00;155285.6778
2027-09-02_11:00:00;156515.9751
2027-09-02_12:00:00;155823.9268
2027-09-02_13:00:00;152214.0241
2027-09-02_14:00:00;148112.1275
2027-09-02_15:00:00;143720.4925
2027-09-02_16:00:00;140288.4877
2027-09-02_17:00:00;134533.6596
2027-09-02_18:00:00;131951.7974
2027-09-02_19:00:00;133037.3758
2027-09-02_20:00:00;128337.1687
2027-09-02_21:00:00;118203.3708
2027-09-02_22:00:00;107572.2511
2027-09-02_23:00:00;101551.1809
2027-09-03_00:00:00;98679.8554
2027-09-03_01:00:00;95881.3336
2027-09-03_02:00:00;92115.0665
2027-09-03_03:00:00;94973.1426
2027-09-03_04:00:00;103792.9351
2027-09-03_05:00:00;118857.3626
2027-09-03_06:00:00;130358.5990
2027-09-03_07:00:00;140576.4167
2027-09-03_08:00:00;147529.1753
2027-09-03_09:00:00;152471.5479
2027-09-03_10:00:00;155960.5667
2027-09-03_11:00:00;155001.5270
2027-09-03_12:00:00;152613.6662
2027-09-03_13:00:00;148312.6365
2027-09-03_14:00:00;145124.1484
2027-09-03_15:00:00;140421.5333
2027-09-03_16:00:00;137191.9827
2027-09-03_17:00:00;132007.1097
2027-09-03_18:00:00;128360.2731
2027-09-03_19:00:00;128813.9687
2027-09-03_20:00:00;122821.4149
2027-09-03_21:00:00;113409.1896
2027-09-03_22:00:00;108284.0427
2027-09-03_23:00:00;99174.7739
2027-09-04_00:00:00;96640.3984
2027-09-04_01:00:00;93690.0683
2027-09-04_02:00:00;90039.3861
2027-09-04_03:00:00;87939.1368
2027-09-04_04:00:00;88832.2970
2027-09-04_05:00:00;95589.6021
2027-09-04_06:00:00;101288.5977
2027-09-04_07:00:00;110915.6607
2027-09-04_08:00:00;121765.0760
2027-09-04_09:00:00;127102.7091
2027-09-04_10:00:00;129516.5177
2027-09-04_11:00:00;128144.0186
2027-09-04_12:00:00;123860.2677
2027-09-04_13:00:00;122421.9396
2027-09-04_14:00:00;117878.9094
2027-09-04_15:00:00;115355.2029
2027-09-04_16:00:00;113405.9708
2027-09-04_17:00:00;107961.4691
2027-09-04_18:00:00;105766.2965
2027-09-04_19:00:00;106618.0391
2027-09-04_20:00:00;104018.9426
2027-09-04_21:00:00;100840.0339
2027-09-04_22:00:00;95670.9614
2027-09-04_23:00:00;87971.9745
2027-09-05_00:00:00;85022.5698
2027-09-05_01:00:00;84896.4640
2027-09-05_02:00:00;82684.6950
2027-09-05_03:00:00;84483.2441
2027-09-05_04:00:00;86514.2073
2027-09-05_05:00:00;89509.1940
2027-09-05_06:00:00;94711.9267
2027-09-05_07:00:00;102454.8439
2027-09-05_08:00:00;108266.7471
2027-09-05_09:00:00;116971.7050
2027-09-05_10:00:00;121697.6744
2027-09-05_11:00:00;124264.6378
2027-09-05_12:00:00;121250.5127
2027-09-05_13:00:00;118174.3194
2027-09-05_14:00:00;113800.7218
2027-09-05_15:00:00;114613.6549
2027-09-05_16:00:00;119552.7488
2027-09-05_17:00:00;121464.2299
2027-09-05_18:00:00;121130.8342
2027-09-05_19:00:00;121398.6051
2027-09-05_20:00:00;117343.7133
2027-09-05_21:00:00;112414.9884
2027-09-05_22:00:00;106447.2417
2027-09-05_23:00:00;100525.8792
2027-09-06_00:00:00;98531.2968
2027-09-06_01:00:00;97691.8217
2027-09-06_02:00:00;94170.4169
2027-09-06_03:00:00;96371.3626
2027-09-06_04:00:00;107089.3422
2027-09-06_05:00:00;124978.5328
2027-09-06_06:00:00;138974.4518
2027-09-06_07:00:00;146747.9723
2027-09-06_08:00:00;149480.5741
2027-09-06_09:00:00;151121.6198
2027-09-06_10:00:00;153547.8616
2027-09-06_11:00:00;152938.6017
2027-09-06_12:00:00;152073.2632
2027-09-06_13:00:00;150864.9638
2027-09-06_14:00:00;148634.6405
2027-09-06_15:00:00;143593.6725
2027-09-06_16:00:00;140080.6290
2027-09-06_17:00:00;136951.3846
2027-09-06_18:00:00;134291.5026
2027-09-06_19:00:00;133719.5667
2027-09-06_20:00:00;127750.2466
2027-09-06_21:00:00;119777.0509
2027-09-06_22:00:00;111447.4241
2027-09-06_23:00:00;102015.4870
2027-09-07_00:00:00;97780.2456
2027-09-07_01:00:00;95109.4059
2027-09-07_02:00:00;93937.3543
2027-09-07_03:00:00;95453.6189
2027-09-07_04:00:00;104892.9305
2027-09-07_05:00:00;120299.5279
2027-09-07_06:00:00;132282.1727
2027-09-07_07:00:00;142670.8684
2027-09-07_08:00:00;147912.7249
2027-09-07_09:00:00;152827.1000
2027-09-07_10:00:00;156354.7719
2027-09-07_11:00:00;153753.6288
2027-09-07_12:00:00;154206.9597
2027-09-07_13:00:00;152865.2955
2027-09-07_14:00:00;149424.4508
2027-09-07_15:00:00;144542.1649
2027-09-07_16:00:00;139848.8896
2027-09-07_17:00:00;134741.3372
2027-09-07_18:00:00;133993.0589
2027-09-07_19:00:00;135880.6459
2027-09-07_20:00:00;128069.5703
2027-09-07_21:00:00;118525.9492
2027-09-07_22:00:00;108679.3670
2027-09-07_23:00:00;104350.0420
2027-09-08_00:00:00;100227.5437
2027-09-08_01:00:00;98213.3678
2027-09-08_02:00:00;95103.4191
2027-09-08_03:00:00;96448.2728
2027-09-08_04:00:00;105987.3610
2027-09-08_05:00:00;122396.0189
2027-09-08_06:00:00;135068.2253
2027-09-08_07:00:00;143107.9415
2027-09-08_08:00:00;146890.6120
2027-09-08_09:00:00;151784.8120
2027-09-08_10:00:00;155113.1671
2027-09-08_11:00:00;154923.3059
2027-09-08_12:00:00;153823.9094
2027-09-08_13:00:00;151418.7827
2027-09-08_14:00:00;148317.4425
2027-09-08_15:00:00;144159.2918
2027-09-08_16:00:00;140256.1438
2027-09-08_17:00:00;135031.0852
2027-09-08_18:00:00;132899.5354
2027-09-08_19:00:00;135714.7395
2027-09-08_20:00:00;130135.1029
2027-09-08_21:00:00;121294.7501
2027-09-08_22:00:00;111904.7161
2027-09-08_23:00:00;104067.1326
2027-09-09_00:00:00;99692.7638
2027-09-09_01:00:00;96749.3989
2027-09-09_02:00:00;93770.8941
2027-09-09_03:00:00;94478.6560
2027-09-09_04:00:00;106476.6008
2027-09-09_05:00:00;125635.8056
2027-09-09_06:00:00;138991.6197
2027-09-09_07:00:00;147431.8794
2027-09-09_08:00:00;151114.3305
2027-09-09_09:00:00;156624.6531
2027-09-09_10:00:00;158344.8039
2027-09-09_11:00:00;158906.8999
2027-09-09_12:00:00;156027.6396
2027-09-09_13:00:00;153574.5597
2027-09-09_14:00:00;151913.3272
2027-09-09_15:00:00;148825.1769
2027-09-09_16:00:00;142386.1264
2027-09-09_17:00:00;138174.7529
2027-09-09_18:00:00;133750.1737
2027-09-09_19:00:00;136937.2785
2027-09-09_20:00:00;130087.7716
2027-09-09_21:00:00;122884.1481
2027-09-09_22:00:00;111460.2212
2027-09-09_23:00:00;105888.6321
2027-09-10_00:00:00;101162.2756
2027-09-10_01:00:00;97848.0880
2027-09-10_02:00:00;95266.0074
2027-09-10_03:00:00;95794.3772
2027-09-10_04:00:00;104676.7281
2027-09-10_05:00:00;120748.5120
2027-09-10_06:00:00;134847.8486
2027-09-10_07:00:00;144272.3243
2027-09-10_08:00:00;147727.2947
2027-09-10_09:00:00;152019.8097
2027-09-10_10:00:00;155591.3237
2027-09-10_11:00:00;155650.7525
2027-09-10_12:00:00;153392.3879
2027-09-10_13:00:00;149640.3873
2027-09-10_14:00:00;145630.0689
2027-09-10_15:00:00;138205.5183
2027-09-10_16:00:00;134506.3185
2027-09-10_17:00:00;127775.5282
2027-09-10_18:00:00;127417.1135
2027-09-10_19:00:00;127817.0565
2027-09-10_20:00:00;121655.5121
2027-09-10_21:00:00;114876.8231
2027-09-10_22:00:00;105916.5471
2027-09-10_23:00:00;99993.1104
2027-09-11_00:00:00;96575.0939
2027-09-11_01:00:00;92731.7950
2027-09-11_02:00:00;91470.5080
2027-09-11_03:00:00;90681.3622
2027-09-11_04:00:00;93564.6904
2027-09-11_05:00:00;98620.0820
2027-09-11_06:00:00;105275.8087
2027-09-11_07:00:00;114039.8827
2027-09-11_08:00:00;125158.0471
2027-09-11_09:00:00;128448.7903
2027-09-11_10:00:00;132311.5306
2027-09-11_11:00:00;131078.1284
2027-09-11_12:00:00;128340.2179
2027-09-11_13:00:00;125029.4565
2027-09-11_14:00:00;122278.7162
2027-09-11_15:00:00;120453.1740
2027-09-11_16:00:00;117349.9908
2027-09-11_17:00:00;113378.3454
2027-09-11_18:00:00;111459.5065
2027-09-11_19:00:00;115246.9958
2027-09-11_20:00:00;111402.4538
2027-09-11_21:00:00;108566.5599
2027-09-11_22:00:00;102292.5844
2027-09-11_23:00:00;97031.5707
2027-09-12_00:00:00;92585.3588
2027-09-12_01:00:00;89824.7252
2027-09-12_02:00:00;86241.7872
2027-09-12_03:00:00;85588.0373
2027-09-12_04:00:00;85980.4849
2027-09-12_05:00:00;87535.1494
2027-09-12_06:00:00;91671.3061
2027-09-12_07:00:00;100838.6822
2027-09-12_08:00:00;107544.2730
2027-09-12_09:00:00;117253.1292
2027-09-12_10:00:00;122107.8358
2027-09-12_11:00:00;121406.6737
2027-09-12_12:00:00;118096.4407
2027-09-12_13:00:00;112351.5017
2027-09-12_14:00:00;108036.0318
2027-09-12_15:00:00;105003.5119
2027-09-12_16:00:00;106434.5829
2027-09-12_17:00:00;107879.7860
2027-09-12_18:00:00;110590.8185
2027-09-12_19:00:00;116002.2424
2027-09-12_20:00:00;109622.2927
2027-09-12_21:00:00;106712.9458
2027-09-12_22:00:00;100461.4391
2027-09-12_23:00:00;94811.5103
2027-09-13_00:00:00;92355.8608
2027-09-13_01:00:00;91323.0901
2027-09-13_02:00:00;90088.4688
2027-09-13_03:00:00;92455.0487
2027-09-13_04:00:00;102009.8080
2027-09-13_05:00:00;119996.9786
2027-09-13_06:00:00;132779.7714
2027-09-13_07:00:00;141240.7112
2027-09-13_08:00:00;146759.8197
2027-09-13_09:00:00;151661.2181
2027-09-13_10:00:00;154674.7556
2027-09-13_11:00:00;156966.4857
2027-09-13_12:00:00;155609.6766
2027-09-13_13:00:00;152967.5567
2027-09-13_14:00:00;150291.8372
2027-09-13_15:00:00;144474.7660
2027-09-13_16:00:00;139869.5689
2027-09-13_17:00:00;136930.6267
2027-09-13_18:00:00;136760.2902
2027-09-13_19:00:00;137219.7495
2027-09-13_20:00:00;132333.2269
2027-09-13_21:00:00;125022.2176
2027-09-13_22:00:00;113188.0115
2027-09-13_23:00:00;106335.7646
2027-09-14_00:00:00;99129.3612
2027-09-14_01:00:00;94391.3467
2027-09-14_02:00:00;91663.6617
2027-09-14_03:00:00;94261.8431
2027-09-14_04:00:00;104660.5582
2027-09-14_05:00:00;120598.1986
2027-09-14_06:00:00;136110.0642
2027-09-14_07:00:00;144089.8212
2027-09-14_08:00:00;148741.3594
2027-09-14_09:00:00;152565.8156
2027-09-14_10:00:00;155834.8904
2027-09-14_11:00:00;155904.4067
2027-09-14_12:00:00;155320.9130
2027-09-14_13:00:00;155171.4437
2027-09-14_14:00:00;149826.8412
2027-09-14_15:00:00;144482.7264
2027-09-14_16:00:00;140608.5224
2027-09-14_17:00:00;137079.5680
2027-09-14_18:00:00;137632.6191
2027-09-14_19:00:00;140100.1255
2027-09-14_20:00:00;133478.9198
2027-09-14_21:00:00;124224.6858
2027-09-14_22:00:00;112983.3224
2027-09-14_23:00:00;105060.3950
2027-09-15_00:00:00;100486.8011
2027-09-15_01:00:00;99662.8693
2027-09-15_02:00:00;97318.4361
2027-09-15_03:00:00;97636.4854
2027-09-15_04:00:00;107017.3047
2027-09-15_05:00:00;125652.6600
2027-09-15_06:00:00;138198.1169
2027-09-15_07:00:00;145123.8153
2027-09-15_08:00:00;148659.3089
2027-09-15_09:00:00;152061.9521
2027-09-15_10:00:00;154658.0475
2027-09-15_11:00:00;155218.6935
2027-09-15_12:00:00;155297.5215
2027-09-15_13:00:00;153315.4123
2027-09-15_14:00:00;150357.3169
2027-09-15_15:00:00;145475.6200
2027-09-15_16:00:00;142432.4128
2027-09-15_17:00:00;140067.3152
2027-09-15_18:00:00;140582.7273
2027-09-15_19:00:00;141959.2775
2027-09-15_20:00:00;134817.5757
2027-09-15_21:00:00;124489.0914
2027-09-15_22:00:00;114683.0703
2027-09-15_23:00:00;110427.5222
2027-09-16_00:00:00;106293.6581
2027-09-16_01:00:00;104014.6827
2027-09-16_02:00:00;101907.8161
2027-09-16_03:00:00;102020.9850
2027-09-16_04:00:00;111346.5542
2027-09-16_05:00:00;127485.5233
2027-09-16_06:00:00;140058.8483
2027-09-16_07:00:00;146189.2346
2027-09-16_08:00:00;148612.3414
2027-09-16_09:00:00;152284.3180
2027-09-16_10:00:00;155824.0373
2027-09-16_11:00:00;156255.9595
2027-09-16_12:00:00;154894.8096
2027-09-16_13:00:00;152455.8469
2027-09-16_14:00:00;148806.9939
2027-09-16_15:00:00;145225.2863
2027-09-16_16:00:00;142141.8000
2027-09-16_17:00:00;139126.0321
2027-09-16_18:00:00;138565.3574
2027-09-16_19:00:00;139009.7250
2027-09-16_20:00:00;132729.8491
2027-09-16_21:00:00;123418.5120
2027-09-16_22:00:00;112676.3669
2027-09-16_23:00:00;106147.6637
2027-09-17_00:00:00;102505.3439
2027-09-17_01:00:00;98749.9492
2027-09-17_02:00:00;94750.9246
2027-09-17_03:00:00;94928.6626
2027-09-17_04:00:00;103259.7423
2027-09-17_05:00:00;123589.2808
2027-09-17_06:00:00;135327.0421
2027-09-17_07:00:00;141917.5360
2027-09-17_08:00:00;144244.6687
2027-09-17_09:00:00;148359.9139
2027-09-17_10:00:00;149480.1032
2027-09-17_11:00:00;148134.5471
2027-09-17_12:00:00;146402.6821
2027-09-17_13:00:00;142259.6700
2027-09-17_14:00:00;139125.0736
2027-09-17_15:00:00;133804.3781
2027-09-17_16:00:00;131261.4979
2027-09-17_17:00:00;129117.2244
2027-09-17_18:00:00;130945.3179
2027-09-17_19:00:00;129582.0349
2027-09-17_20:00:00;120963.4664
2027-09-17_21:00:00;114309.8023
2027-09-17_22:00:00;104326.0039
2027-09-17_23:00:00;97354.0103
2027-09-18_00:00:00;94421.8076
2027-09-18_01:00:00;90433.9021
2027-09-18_02:00:00;88488.4302
2027-09-18_03:00:00;88006.9954
2027-09-18_04:00:00;91196.2460
2027-09-18_05:00:00;99623.9220
2027-09-18_06:00:00;107613.3960
2027-09-18_07:00:00;113356.6891
2027-09-18_08:00:00;120314.3361
2027-09-18_09:00:00;123110.5439
2027-09-18_10:00:00;126430.1307
2027-09-18_11:00:00;127936.5773
2027-09-18_12:00:00;124106.3888
2027-09-18_13:00:00;123402.7174
2027-09-18_14:00:00;122255.2379
2027-09-18_15:00:00;121429.4745
2027-09-18_16:00:00;121699.6860
2027-09-18_17:00:00;121637.0872
2027-09-18_18:00:00;124917.1120
2027-09-18_19:00:00;121839.5098
2027-09-18_20:00:00;114400.9619
2027-09-18_21:00:00;111196.8580
2027-09-18_22:00:00;106968.2300
2027-09-18_23:00:00;101613.9032
2027-09-19_00:00:00;98779.8358
2027-09-19_01:00:00;97048.1170
2027-09-19_02:00:00;93606.1883
2027-09-19_03:00:00;92960.2212
2027-09-19_04:00:00;93451.7393
2027-09-19_05:00:00;95825.1512
2027-09-19_06:00:00;99390.6754
2027-09-19_07:00:00;105573.9621
2027-09-19_08:00:00;114089.8671
2027-09-19_09:00:00;118736.4634
2027-09-19_10:00:00;122842.2227
2027-09-19_11:00:00;122790.2513
2027-09-19_12:00:00;118845.0246
2027-09-19_13:00:00;116392.1535
2027-09-19_14:00:00;112243.2039
2027-09-19_15:00:00;110582.4200
2027-09-19_16:00:00;115332.3548
2027-09-19_17:00:00;114670.7247
2027-09-19_18:00:00;117548.7962
2027-09-19_19:00:00;116874.1140
2027-09-19_20:00:00;111368.7892
2027-09-19_21:00:00;108884.2912
2027-09-19_22:00:00;102093.5922
2027-09-19_23:00:00;97963.2404
2027-09-20_00:00:00;93596.7244
2027-09-20_01:00:00;91070.1479
2027-09-20_02:00:00;89545.2848
2027-09-20_03:00:00;91864.2320
2027-09-20_04:00:00;100446.7124
2027-09-20_05:00:00;120509.9297
2027-09-20_06:00:00;136166.2042
2027-09-20_07:00:00;143657.6533
2027-09-20_08:00:00;146352.7613
2027-09-20_09:00:00;148932.1611
2027-09-20_10:00:00;152229.1898
2027-09-20_11:00:00;151152.6951
2027-09-20_12:00:00;150728.1732
2027-09-20_13:00:00;147231.9119
2027-09-20_14:00:00;143006.2332
2027-09-20_15:00:00;140743.1929
2027-09-20_16:00:00;138447.9537
2027-09-20_17:00:00;136768.2018
2027-09-20_18:00:00;139815.3751
2027-09-20_19:00:00;136457.7684
2027-09-20_20:00:00;128426.5151
2027-09-20_21:00:00;117370.9849
2027-09-20_22:00:00;106855.7813
2027-09-20_23:00:00;105434.2399
2027-09-21_00:00:00;101640.3240
2027-09-21_01:00:00;97052.9641
2027-09-21_02:00:00;95553.7318
2027-09-21_03:00:00;96629.2485
2027-09-21_04:00:00;107435.5058
2027-09-21_05:00:00;125665.1468
2027-09-21_06:00:00;138602.4281
2027-09-21_07:00:00;145938.3622
2027-09-21_08:00:00;147201.4847
2027-09-21_09:00:00;150874.6507
2027-09-21_10:00:00;153011.9092
2027-09-21_11:00:00;150289.6094
2027-09-21_12:00:00;150080.9550
2027-09-21_13:00:00;146488.0906
2027-09-21_14:00:00;144875.1977
2027-09-21_15:00:00;139033.6293
2027-09-21_16:00:00;136963.7477
2027-09-21_17:00:00;137052.9434
2027-09-21_18:00:00;140438.8433
2027-09-21_19:00:00;136159.3287
2027-09-21_20:00:00;128242.3503
2027-09-21_21:00:00;118421.1051
2027-09-21_22:00:00;107401.9131
2027-09-21_23:00:00;103710.2776
2027-09-22_00:00:00;99644.9069
2027-09-22_01:00:00;97234.6802
2027-09-22_02:00:00;96469.3611
2027-09-22_03:00:00;97313.6274
2027-09-22_04:00:00;107780.8819
2027-09-22_05:00:00;126785.0788
2027-09-22_06:00:00;139150.3432
2027-09-22_07:00:00;145146.8450
2027-09-22_08:00:00;149100.7433
2027-09-22_09:00:00;151044.1697
2027-09-22_10:00:00;153244.5993
2027-09-22_11:00:00;153042.4662
2027-09-22_12:00:00;152184.9628
2027-09-22_13:00:00;150303.9416
2027-09-22_14:00:00;145922.9765
2027-09-22_15:00:00;142195.1866
2027-09-22_16:00:00;141454.6312
2027-09-22_17:00:00;138967.2028
2027-09-22_18:00:00;142023.5559
2027-09-22_19:00:00;141644.6084
2027-09-22_20:00:00;131022.6580
2027-09-22_21:00:00;120277.0624
2027-09-22_22:00:00;111066.1234
2027-09-22_23:00:00;104353.8981
2027-09-23_00:00:00;99752.6009
2027-09-23_01:00:00;97508.9839
2027-09-23_02:00:00;96540.8466
2027-09-23_03:00:00;96554.6579
2027-09-23_04:00:00;107859.6549
2027-09-23_05:00:00;122608.4802
2027-09-23_06:00:00;138696.0673
2027-09-23_07:00:00;145095.2425
2027-09-23_08:00:00;145701.7110
2027-09-23_09:00:00;150494.9914
2027-09-23_10:00:00;153838.8334
2027-09-23_11:00:00;152528.1963
2027-09-23_12:00:00;151774.9399
2027-09-23_13:00:00;148883.7720
2027-09-23_14:00:00;146383.7350
2027-09-23_15:00:00;142582.2135
2027-09-23_16:00:00;140111.3288
2027-09-23_17:00:00;137958.0969
2027-09-23_18:00:00;140986.9562
2027-09-23_19:00:00;139916.8662
2027-09-23_20:00:00;129596.4594
2027-09-23_21:00:00;118666.8647
2027-09-23_22:00:00;107820.3572
2027-09-23_23:00:00;103648.0874
2027-09-24_00:00:00;99739.5856
2027-09-24_01:00:00;96244.5041
2027-09-24_02:00:00;96230.9690
2027-09-24_03:00:00;97981.0210
2027-09-24_04:00:00;108295.3902
2027-09-24_05:00:00;125305.8332
2027-09-24_06:00:00;137302.3247
2027-09-24_07:00:00;144428.7436
2027-09-24_08:00:00;145167.6172
2027-09-24_09:00:00;148248.3541
2027-09-24_10:00:00;149371.7103
2027-09-24_11:00:00;148954.6075
2027-09-24_12:00:00;146054.8886
2027-09-24_13:00:00;142944.4999
2027-09-24_14:00:00;139318.9788
2027-09-24_15:00:00;136348.3284
2027-09-24_16:00:00;135160.7579
2027-09-24_17:00:00;133389.1906
2027-09-24_18:00:00;137611.0591
2027-09-24_19:00:00;134317.6311
2027-09-24_20:00:00;123444.7037
2027-09-24_21:00:00;115768.4268
2027-09-24_22:00:00;107148.1359
2027-09-24_23:00:00;99754.0887
2027-09-25_00:00:00;97042.7242
2027-09-25_01:00:00;95733.8752
2027-09-25_02:00:00;95524.0118
2027-09-25_03:00:00;94940.7035
2027-09-25_04:00:00;96816.1488
2027-09-25_05:00:00;101753.5967
2027-09-25_06:00:00;107070.1519
2027-09-25_07:00:00;117047.8925
2027-09-25_08:00:00;127416.4526
2027-09-25_09:00:00;132637.4093
2027-09-25_10:00:00;134043.5905
2027-09-25_11:00:00;132788.7223
2027-09-25_12:00:00;128799.0273
2027-09-25_13:00:00;127027.4789
2027-09-25_14:00:00;121953.6699
2027-09-25_15:00:00;118010.2896
2027-09-25_16:00:00;113590.5802
2027-09-25_17:00:00;112260.7323
2027-09-25_18:00:00;117253.2362
2027-09-25_19:00:00;119917.6019
2027-09-25_20:00:00;114445.3768
2027-09-25_21:00:00;110389.9653
2027-09-25_22:00:00;104235.1298
2027-09-25_23:00:00;100450.6200
2027-09-26_00:00:00;97962.3946
2027-09-26_01:00:00;94122.2950
2027-09-26_02:00:00;89600.2111
2027-09-26_03:00:00;88051.2429
2027-09-26_04:00:00;90324.6720
2027-09-26_05:00:00;93090.4255
2027-09-26_06:00:00;96728.3870
2027-09-26_07:00:00;105478.1187
2027-09-26_08:00:00;113805.7976
2027-09-26_09:00:00;121134.6881
2027-09-26_10:00:00;126615.9713
2027-09-26_11:00:00;126271.9692
2027-09-26_12:00:00;122592.2646
2027-09-26_13:00:00;119520.5568
2027-09-26_14:00:00;116845.6752
2027-09-26_15:00:00;111604.6303
2027-09-26_16:00:00;113958.7940
2027-09-26_17:00:00;115438.9706
2027-09-26_18:00:00;123340.2650
2027-09-26_19:00:00;125603.4806
2027-09-26_20:00:00;118824.7792
2027-09-26_21:00:00;114220.7021
2027-09-26_22:00:00;105514.0000
2027-09-26_23:00:00;98580.6335
2027-09-27_00:00:00;94213.4132
2027-09-27_01:00:00;93475.1132
2027-09-27_02:00:00;92857.0122
2027-09-27_03:00:00;94375.9320
2027-09-27_04:00:00;104675.4877
2027-09-27_05:00:00;124997.7901
2027-09-27_06:00:00;138429.5182
2027-09-27_07:00:00;144130.6566
2027-09-27_08:00:00;149231.4511
2027-09-27_09:00:00;152164.0490
2027-09-27_10:00:00;153619.9033
2027-09-27_11:00:00;152920.5203
2027-09-27_12:00:00;151742.4397
2027-09-27_13:00:00;148392.4238
2027-09-27_14:00:00;146008.2154
2027-09-27_15:00:00;143030.5829
2027-09-27_16:00:00;139686.5022
2027-09-27_17:00:00;138396.0090
2027-09-27_18:00:00;142297.9539
2027-09-27_19:00:00;140516.0352
2027-09-27_20:00:00;131663.6572
2027-09-27_21:00:00;121379.2022
2027-09-27_22:00:00;112214.0062
2027-09-27_23:00:00;109908.7041
2027-09-28_00:00:00;105995.2228
2027-09-28_01:00:00;103311.7330
2027-09-28_02:00:00;100213.5460
2027-09-28_03:00:00;101340.6063
2027-09-28_04:00:00;112676.8262
2027-09-28_05:00:00;127597.2527
2027-09-28_06:00:00;139098.1427
2027-09-28_07:00:00;143002.6385
2027-09-28_08:00:00;148428.9486
2027-09-28_09:00:00;151412.4073
2027-09-28_10:00:00;154436.5927
2027-09-28_11:00:00;152527.0138
2027-09-28_12:00:00;151746.0182
2027-09-28_13:00:00;148161.9849
2027-09-28_14:00:00;145653.8364
2027-09-28_15:00:00;141530.8341
2027-09-28_16:00:00;141582.9061
2027-09-28_17:00:00;141061.7508
2027-09-28_18:00:00;147079.5066
2027-09-28_19:00:00;142509.1775
2027-09-28_20:00:00;132879.5110
2027-09-28_21:00:00;121437.3829
2027-09-28_22:00:00;111544.0495
2027-09-28_23:00:00;105270.4539
2027-09-29_00:00:00;102172.9397
2027-09-29_01:00:00;101782.0894
2027-09-29_02:00:00;102500.5642
2027-09-29_03:00:00;104619.9119
2027-09-29_04:00:00;111281.3155
2027-09-29_05:00:00;131511.7355
2027-09-29_06:00:00;143244.5454
2027-09-29_07:00:00;148583.1853
2027-09-29_08:00:00;151082.3752
2027-09-29_09:00:00;153890.5639
2027-09-29_10:00:00;156271.3564
2027-09-29_11:00:00;156968.3024
2027-09-29_12:00:00;156454.5572
2027-09-29_13:00:00;152983.2833
2027-09-29_14:00:00;150120.2747
2027-09-29_15:00:00;146722.1607
2027-09-29_16:00:00;143673.5685
2027-09-29_17:00:00;143228.4862
2027-09-29_18:00:00;148533.0971
2027-09-29_19:00:00;141792.9131
2027-09-29_20:00:00;132290.7178
2027-09-29_21:00:00;124588.5513
2027-09-29_22:00:00;116186.9209
2027-09-29_23:00:00;111956.6657
2027-09-30_00:00:00;109204.1290
2027-09-30_01:00:00;109352.1946
2027-09-30_02:00:00;108635.2173
2027-09-30_03:00:00;110192.1110
2027-09-30_04:00:00;118110.5619
2027-09-30_05:00:00;134707.7670
2027-09-30_06:00:00;146514.8505
2027-09-30_07:00:00;151818.4946
2027-09-30_08:00:00;152519.7840
2027-09-30_09:00:00;155546.4679
2027-09-30_10:00:00;160354.5145
2027-09-30_11:00:00;159329.4228
2027-09-30_12:00:00;158670.8085
2027-09-30_13:00:00;155892.8131
2027-09-30_14:00:00;152336.7605
2027-09-30_15:00:00;149524.3723
2027-09-30_16:00:00;148414.2679
2027-09-30_17:00:00;145468.6811
2027-09-30_18:00:00;149682.2347
2027-09-30_19:00:00;145058.7878
2027-09-30_20:00:00;135648.9233
2027-09-30_21:00:00;126475.0195
2027-09-30_22:00:00;117108.2858
2027-09-30_23:00:00;116057.0040
2027-10-01_00:00:00;111180.7464
2027-10-01_01:00:00;109338.8154
2027-10-01_02:00:00;106145.3113
2027-10-01_03:00:00;106228.3382
2027-10-01_04:00:00;112991.7756
2027-10-01_05:00:00;134521.2728
2027-10-01_06:00:00;145538.3474
2027-10-01_07:00:00;150022.6234
2027-10-01_08:00:00;155653.9353
2027-10-01_09:00:00;158537.8208
2027-10-01_10:00:00;160464.0300
2027-10-01_11:00:00;158044.3117
2027-10-01_12:00:00;154987.7318
2027-10-01_13:00:00;152222.4649
2027-10-01_14:00:00;149529.1435
2027-10-01_15:00:00;144004.7869
2027-10-01_16:00:00;136671.9863
2027-10-01_17:00:00;136705.2815
2027-10-01_18:00:00;141268.6517
2027-10-01_19:00:00;135662.7333
2027-10-01_20:00:00;126873.8314
2027-10-01_21:00:00;118693.8815
2027-10-01_22:00:00;108320.5807
2027-10-01_23:00:00;100009.9028
2027-10-02_00:00:00;98561.7023
2027-10-02_01:00:00;92434.9947
2027-10-02_02:00:00;95597.7794
2027-10-02_03:00:00;89236.9010
2027-10-02_04:00:00;92731.0974
2027-10-02_05:00:00;102465.6840
2027-10-02_06:00:00;107486.6628
2027-10-02_07:00:00;114070.0761
2027-10-02_08:00:00;119813.2196
2027-10-02_09:00:00;126799.2648
2027-10-02_10:00:00;128345.5910
2027-10-02_11:00:00;128000.1007
2027-10-02_12:00:00;124771.8815
2027-10-02_13:00:00;122814.4754
2027-10-02_14:00:00;120873.6831
2027-10-02_15:00:00;117319.7994
2027-10-02_16:00:00;118519.9078
2027-10-02_17:00:00;120929.0650
2027-10-02_18:00:00;127900.9173
2027-10-02_19:00:00;122122.9343
2027-10-02_20:00:00;112603.7957
2027-10-02_21:00:00;108780.6891
2027-10-02_22:00:00;108159.1625
2027-10-02_23:00:00;100794.0601
2027-10-03_00:00:00;96675.4243
2027-10-03_01:00:00;93916.0491
2027-10-03_02:00:00;90589.7185
2027-10-03_03:00:00;88344.0632
2027-10-03_04:00:00;90673.0224
2027-10-03_05:00:00;95466.9036
2027-10-03_06:00:00;102833.9291
2027-10-03_07:00:00;110203.8870
2027-10-03_08:00:00;117479.6135
2027-10-03_09:00:00;121472.7273
2027-10-03_10:00:00;128416.3962
2027-10-03_11:00:00;127537.8968
2027-10-03_12:00:00;121600.5760
2027-10-03_13:00:00;117098.0735
2027-10-03_14:00:00;113521.9500
2027-10-03_15:00:00;111999.5700
2027-10-03_16:00:00;113550.5054
2027-10-03_17:00:00;117392.4148
2027-10-03_18:00:00;121106.1102
2027-10-03_19:00:00;120760.0163
2027-10-03_20:00:00;114744.4148
2027-10-03_21:00:00;109533.6972
2027-10-03_22:00:00;103069.3727
2027-10-03_23:00:00;98853.4655
2027-10-04_00:00:00;98008.0495
2027-10-04_01:00:00;95771.1777
2027-10-04_02:00:00;92703.7959
2027-10-04_03:00:00;96297.6309
2027-10-04_04:00:00;100594.7440
2027-10-04_05:00:00;106556.1761
2027-10-04_06:00:00;110356.4033
2027-10-04_07:00:00;116269.9245
2027-10-04_08:00:00;119461.7986
2027-10-04_09:00:00;121936.1284
2027-10-04_10:00:00;125869.3314
2027-10-04_11:00:00;123823.2104
2027-10-04_12:00:00;121618.0923
2027-10-04_13:00:00;119916.3160
2027-10-04_14:00:00;123541.6873
2027-10-04_15:00:00;123371.8383
2027-10-04_16:00:00;123732.7956
2027-10-04_17:00:00;127587.3963
2027-10-04_18:00:00;129658.3279
2027-10-04_19:00:00;126806.6020
2027-10-04_20:00:00;122385.6884
2027-10-04_21:00:00;118431.0888
2027-10-04_22:00:00;111053.1436
2027-10-04_23:00:00;107420.4204
2027-10-05_00:00:00;104177.3206
2027-10-05_01:00:00;103715.2328
2027-10-05_02:00:00;101434.6025
2027-10-05_03:00:00;105238.5535
2027-10-05_04:00:00;114312.7062
2027-10-05_05:00:00;131256.4414
2027-10-05_06:00:00;145378.6469
2027-10-05_07:00:00;150308.6405
2027-10-05_08:00:00;150827.5027
2027-10-05_09:00:00;156306.0758
2027-10-05_10:00:00;159185.9308
2027-10-05_11:00:00;159931.0681
2027-10-05_12:00:00;158774.8175
2027-10-05_13:00:00;158298.5992
2027-10-05_14:00:00;153823.7892
2027-10-05_15:00:00;149673.8964
2027-10-05_16:00:00;146163.7441
2027-10-05_17:00:00;145987.6600
2027-10-05_18:00:00;151183.8758
2027-10-05_19:00:00;146693.3322
2027-10-05_20:00:00;139950.0194
2027-10-05_21:00:00;131775.3336
2027-10-05_22:00:00;126717.7226
2027-10-05_23:00:00;119240.5437
2027-10-06_00:00:00;114694.3360
2027-10-06_01:00:00;110934.8017
2027-10-06_02:00:00;111143.6424
2027-10-06_03:00:00;112895.9072
2027-10-06_04:00:00;120449.4751
2027-10-06_05:00:00;139270.4231
2027-10-06_06:00:00;151846.8356
2027-10-06_07:00:00;156667.1018
2027-10-06_08:00:00;157672.5745
2027-10-06_09:00:00;161338.4013
2027-10-06_10:00:00;162816.5300
2027-10-06_11:00:00;163060.6036
2027-10-06_12:00:00;160873.1099
2027-10-06_13:00:00;158578.2425
2027-10-06_14:00:00;154648.1033
2027-10-06_15:00:00;149661.1386
2027-10-06_16:00:00;149915.1660
2027-10-06_17:00:00;153777.5547
2027-10-06_18:00:00;155516.4849
2027-10-06_19:00:00;150037.3943
2027-10-06_20:00:00;140138.6765
2027-10-06_21:00:00;137084.6692
2027-10-06_22:00:00;128092.3047
2027-10-06_23:00:00;118033.8243
2027-10-07_00:00:00;114127.0481
2027-10-07_01:00:00;114340.9813
2027-10-07_02:00:00;113996.9072
2027-10-07_03:00:00;116335.2304
2027-10-07_04:00:00;121982.3716
2027-10-07_05:00:00;136452.2751
2027-10-07_06:00:00;150344.7259
2027-10-07_07:00:00;156231.2659
2027-10-07_08:00:00;155523.9440
2027-10-07_09:00:00;157324.2528
2027-10-07_10:00:00;158734.5472
2027-10-07_11:00:00;157063.6801
2027-10-07_12:00:00;155024.7102
2027-10-07_13:00:00;152614.6817
2027-10-07_14:00:00;151114.0085
2027-10-07_15:00:00;149542.8131
2027-10-07_16:00:00;158352.2655
2027-10-07_17:00:00;159651.1233
2027-10-07_18:00:00;163439.0922
2027-10-07_19:00:00;152859.7051
2027-10-07_20:00:00;143126.4725
2027-10-07_21:00:00;132955.1795
2027-10-07_22:00:00;122973.6820
2027-10-07_23:00:00;119137.6920
2027-10-08_00:00:00;112171.5804
2027-10-08_01:00:00;110445.9663
2027-10-08_02:00:00;111383.1004
2027-10-08_03:00:00;112562.1072
2027-10-08_04:00:00;120897.9908
2027-10-08_05:00:00;140733.2757
2027-10-08_06:00:00;146814.1363
2027-10-08_07:00:00;152136.4837
2027-10-08_08:00:00;154248.4397
2027-10-08_09:00:00;156658.9815
2027-10-08_10:00:00;159051.4476
2027-10-08_11:00:00;158976.6234
2027-10-08_12:00:00;155572.7559
2027-10-08_13:00:00;152529.5185
2027-10-08_14:00:00;149393.9865
2027-10-08_15:00:00;146371.0037
2027-10-08_16:00:00;141456.3397
2027-10-08_17:00:00;143364.3262
2027-10-08_18:00:00;147204.1295
2027-10-08_19:00:00;138162.9678
2027-10-08_20:00:00;129379.6441
2027-10-08_21:00:00;123815.4688
2027-10-08_22:00:00;122190.2367
2027-10-08_23:00:00;109930.2418
2027-10-09_00:00:00;103567.0728
2027-10-09_01:00:00;103978.6144
2027-10-09_02:00:00;101439.3661
2027-10-09_03:00:00;102072.2796
2027-10-09_04:00:00;103513.7756
2027-10-09_05:00:00;111573.0081
2027-10-09_06:00:00;120133.8310
2027-10-09_07:00:00;127004.2650
2027-10-09_08:00:00;132646.4753
2027-10-09_09:00:00;138259.1223
2027-10-09_10:00:00;137160.1318
2027-10-09_11:00:00;135932.1336
2027-10-09_12:00:00;134403.9873
2027-10-09_13:00:00;132198.9799
2027-10-09_14:00:00;128030.7808
2027-10-09_15:00:00;128500.0861
2027-10-09_16:00:00;125698.3498
2027-10-09_17:00:00;130006.7103
2027-10-09_18:00:00;135787.0394
2027-10-09_19:00:00;126597.4849
2027-10-09_20:00:00;121003.8691
2027-10-09_21:00:00;116790.7076
2027-10-09_22:00:00;110281.5919
2027-10-09_23:00:00;104340.2625
2027-10-10_00:00:00;100543.6504
2027-10-10_01:00:00;99259.5453
2027-10-10_02:00:00;98472.1145
2027-10-10_03:00:00;97739.5385
2027-10-10_04:00:00;100091.5130
2027-10-10_05:00:00;105077.4677
2027-10-10_06:00:00;109899.2575
2027-10-10_07:00:00;115549.6361
2027-10-10_08:00:00;121509.7714
2027-10-10_09:00:00;127536.7724
2027-10-10_10:00:00;131297.9710
2027-10-10_11:00:00;132051.2162
2027-10-10_12:00:00;125978.2646
2027-10-10_13:00:00;121883.3416
2027-10-10_14:00:00;115936.4849
2027-10-10_15:00:00;113805.6845
2027-10-10_16:00:00;115548.8282
2027-10-10_17:00:00;124338.4483
2027-10-10_18:00:00;133090.4650
2027-10-10_19:00:00;130376.6463
2027-10-10_20:00:00;124795.0859
2027-10-10_21:00:00;122688.6513
2027-10-10_22:00:00;114833.1415
2027-10-10_23:00:00;99726.3964
2027-10-11_00:00:00;99243.5246
2027-10-11_01:00:00;98917.9080
2027-10-11_02:00:00;98217.1636
2027-10-11_03:00:00;102574.0393
2027-10-11_04:00:00;112076.9411
2027-10-11_05:00:00;130792.5984
2027-10-11_06:00:00;144580.4038
2027-10-11_07:00:00;150153.9943
2027-10-11_08:00:00;154536.8980
2027-10-11_09:00:00;158830.2254
2027-10-11_10:00:00;158690.0422
2027-10-11_11:00:00;159802.1593
2027-10-11_12:00:00;159702.0354
2027-10-11_13:00:00;155033.3264
2027-10-11_14:00:00;151944.2165
2027-10-11_15:00:00;147434.2674
2027-10-11_16:00:00;144796.3326
2027-10-11_17:00:00;147601.5672
2027-10-11_18:00:00;150799.9244
2027-10-11_19:00:00;145575.9664
2027-10-11_20:00:00;137541.4664
2027-10-11_21:00:00;127811.7124
2027-10-11_22:00:00;118393.7322
2027-10-11_23:00:00;110564.1467
2027-10-12_00:00:00;106762.9221
2027-10-12_01:00:00;104864.5904
2027-10-12_02:00:00;106176.5909
2027-10-12_03:00:00;110220.4110
2027-10-12_04:00:00;120468.7934
2027-10-12_05:00:00;137802.6306
2027-10-12_06:00:00;152546.4781
2027-10-12_07:00:00;156724.7170
2027-10-12_08:00:00;156218.6367
2027-10-12_09:00:00;157679.6713
2027-10-12_10:00:00;159379.6710
2027-10-12_11:00:00;158853.5188
2027-10-12_12:00:00;156921.5034
2027-10-12_13:00:00;154799.8571
2027-10-12_14:00:00;153220.2360
2027-10-12_15:00:00;151594.5935
2027-10-12_16:00:00;151640.7160
2027-10-12_17:00:00;156034.7539
2027-10-12_18:00:00;158282.9760
2027-10-12_19:00:00;150456.7112
2027-10-12_20:00:00;142634.8594
2027-10-12_21:00:00;134103.7050
2027-10-12_22:00:00;121765.8389
2027-10-12_23:00:00;114978.0398
2027-10-13_00:00:00;112160.8690
2027-10-13_01:00:00;109820.3393
2027-10-13_02:00:00;111337.5542
2027-10-13_03:00:00;112658.1053
2027-10-13_04:00:00;121931.2214
2027-10-13_05:00:00;140755.7161
2027-10-13_06:00:00;156865.7741
2027-10-13_07:00:00;161310.6743
2027-10-13_08:00:00;161737.9317
2027-10-13_09:00:00;162877.7824
2027-10-13_10:00:00;163990.8733
2027-10-13_11:00:00;161604.2008
2027-10-13_12:00:00;159559.0709
2027-10-13_13:00:00;156189.7171
2027-10-13_14:00:00;154302.1320
2027-10-13_15:00:00;153020.4067
2027-10-13_16:00:00;153699.0407
2027-10-13_17:00:00;156951.3302
2027-10-13_18:00:00;159620.0971
2027-10-13_19:00:00;152087.0009
2027-10-13_20:00:00;143862.6146
2027-10-13_21:00:00;135976.7367
2027-10-13_22:00:00;127292.4602
2027-10-13_23:00:00;117568.9214
2027-10-14_00:00:00;113651.5145
2027-10-14_01:00:00;111814.3524
2027-10-14_02:00:00;112751.4847
2027-10-14_03:00:00;114215.0827
2027-10-14_04:00:00;121842.1167
2027-10-14_05:00:00;141160.7260
2027-10-14_06:00:00;156374.1874
2027-10-14_07:00:00;160446.4565
2027-10-14_08:00:00;161637.2438
2027-10-14_09:00:00;162234.9850
2027-10-14_10:00:00;163524.4539
2027-10-14_11:00:00;159518.1226
2027-10-14_12:00:00;157922.1675
2027-10-14_13:00:00;155809.7502
2027-10-14_14:00:00;154314.8951
2027-10-14_15:00:00;151787.2148
2027-10-14_16:00:00;152688.5742
2027-10-14_17:00:00;157005.9517
2027-10-14_18:00:00;160354.8853
2027-10-14_19:00:00;153446.1149
2027-10-14_20:00:00;145115.1755
2027-10-14_21:00:00;138539.3920
2027-10-14_22:00:00;129313.7942
2027-10-14_23:00:00;117771.7629
2027-10-15_00:00:00;116922.5232
2027-10-15_01:00:00;115756.7608
2027-10-15_02:00:00;115667.9611
2027-10-15_03:00:00;118268.9901
2027-10-15_04:00:00;125113.5879
2027-10-15_05:00:00;141175.4162
2027-10-15_06:00:00;154662.8892
2027-10-15_07:00:00;160459.1968
2027-10-15_08:00:00;162633.2320
2027-10-15_09:00:00;163329.8621
2027-10-15_10:00:00;163460.0063
2027-10-15_11:00:00;160817.8054
2027-10-15_12:00:00;158903.4891
2027-10-15_13:00:00;156299.2279
2027-10-15_14:00:00;153172.7091
2027-10-15_15:00:00;148531.4634
2027-10-15_16:00:00;150582.4865
2027-10-15_17:00:00;154055.1891
2027-10-15_18:00:00;156754.8733
2027-10-15_19:00:00;150387.3297
2027-10-15_20:00:00;142897.9183
2027-10-15_21:00:00;137212.5692
2027-10-15_22:00:00;128384.4623
2027-10-15_23:00:00;117361.0193
2027-10-16_00:00:00;111380.2852
2027-10-16_01:00:00;108649.0346
2027-10-16_02:00:00;109761.8791
2027-10-16_03:00:00;111288.4490
2027-10-16_04:00:00;113672.3435
2027-10-16_05:00:00;117081.4141
2027-10-16_06:00:00;124853.6594
2027-10-16_07:00:00;132264.1690
2027-10-16_08:00:00;135680.9746
2027-10-16_09:00:00;137528.8586
2027-10-16_10:00:00;138494.9702
2027-10-16_11:00:00;136998.6965
2027-10-16_12:00:00;133076.7931
2027-10-16_13:00:00;132286.0260
2027-10-16_14:00:00;129950.6855
2027-10-16_15:00:00;126147.9220
2027-10-16_16:00:00;125507.5402
2027-10-16_17:00:00;133465.6478
2027-10-16_18:00:00;136066.3760
2027-10-16_19:00:00;129182.8814
2027-10-16_20:00:00;121005.2913
2027-10-16_21:00:00;117895.4164
2027-10-16_22:00:00;109352.5131
2027-10-16_23:00:00;101935.3918
2027-10-17_00:00:00;97945.2269
2027-10-17_01:00:00;96740.4439
2027-10-17_02:00:00;95205.3163
2027-10-17_03:00:00;94659.4019
2027-10-17_04:00:00;96133.6552
2027-10-17_05:00:00;101895.9715
2027-10-17_06:00:00;107786.1039
2027-10-17_07:00:00;113916.2637
2027-10-17_08:00:00;120495.6209
2027-10-17_09:00:00;126263.5606
2027-10-17_10:00:00;129728.2030
2027-10-17_11:00:00;129346.6489
2027-10-17_12:00:00;124692.1923
2027-10-17_13:00:00;120930.9018
2027-10-17_14:00:00;116958.8030
2027-10-17_15:00:00;116306.9667
2027-10-17_16:00:00;116336.8823
2027-10-17_17:00:00;124733.3241
2027-10-17_18:00:00;131191.9295
2027-10-17_19:00:00;124728.7244
2027-10-17_20:00:00;120699.3739
2027-10-17_21:00:00;120190.5299
2027-10-17_22:00:00;111452.6693
2027-10-17_23:00:00;108986.2765
2027-10-18_00:00:00;104870.6587
2027-10-18_01:00:00;102061.3796
2027-10-18_02:00:00;102672.5290
2027-10-18_03:00:00;106099.2627
2027-10-18_04:00:00;119487.9696
2027-10-18_05:00:00;138805.8126
2027-10-18_06:00:00;154561.1265
2027-10-18_07:00:00;160349.9777
2027-10-18_08:00:00;158781.0013
2027-10-18_09:00:00;159937.5906
2027-10-18_10:00:00;160536.8139
2027-10-18_11:00:00;159950.1482
2027-10-18_12:00:00;159429.9513
2027-10-18_13:00:00;157123.6813
2027-10-18_14:00:00;154474.2097
2027-10-18_15:00:00;152034.3718
2027-10-18_16:00:00;151801.3448
2027-10-18_17:00:00;154623.7061
2027-10-18_18:00:00;156093.5107
2027-10-18_19:00:00;147359.7900
2027-10-18_20:00:00;138591.9153
2027-10-18_21:00:00;135234.9256
2027-10-18_22:00:00;122904.8205
2027-10-18_23:00:00;107950.5944
2027-10-19_00:00:00;103710.1956
2027-10-19_01:00:00;101947.9854
2027-10-19_02:00:00;102518.3712
2027-10-19_03:00:00;104747.2027
2027-10-19_04:00:00;115930.1893
2027-10-19_05:00:00;135015.1309
2027-10-19_06:00:00;154900.0718
2027-10-19_07:00:00;158308.5916
2027-10-19_08:00:00;161128.4727
2027-10-19_09:00:00;161399.4790
2027-10-19_10:00:00;162014.8629
2027-10-19_11:00:00;159412.9960
2027-10-19_12:00:00;158489.7397
2027-10-19_13:00:00;157600.2818
2027-10-19_14:00:00;155829.2908
2027-10-19_15:00:00;153911.1074
2027-10-19_16:00:00;154957.4712
2027-10-19_17:00:00;160383.9497
2027-10-19_18:00:00;161295.6569
2027-10-19_19:00:00;153835.8047
2027-10-19_20:00:00;143416.5191
2027-10-19_21:00:00;132854.0997
2027-10-19_22:00:00;122183.7502
2027-10-19_23:00:00;112786.8131
2027-10-20_00:00:00;108700.1028
2027-10-20_01:00:00;106841.8211
2027-10-20_02:00:00;107633.9827
2027-10-20_03:00:00;110711.1992
2027-10-20_04:00:00;118783.0620
2027-10-20_05:00:00;137970.6189
2027-10-20_06:00:00;152376.4902
2027-10-20_07:00:00;158854.1599
2027-10-20_08:00:00;160594.0849
2027-10-20_09:00:00;162344.8831
2027-10-20_10:00:00;164570.9056
2027-10-20_11:00:00;162553.0109
2027-10-20_12:00:00;161908.5164
2027-10-20_13:00:00;159239.1856
2027-10-20_14:00:00;157228.7624
2027-10-20_15:00:00;154415.7268
2027-10-20_16:00:00;155865.1247
2027-10-20_17:00:00;161022.3068
2027-10-20_18:00:00;160217.3728
2027-10-20_19:00:00;152727.9005
2027-10-20_20:00:00;145261.8205
2027-10-20_21:00:00;132801.7445
2027-10-20_22:00:00;122040.0331
2027-10-20_23:00:00;115844.2056
2027-10-21_00:00:00;110282.7653
2027-10-21_01:00:00;110109.5718
2027-10-21_02:00:00;110329.0080
2027-10-21_03:00:00;112618.8872
2027-10-21_04:00:00;121199.4984
2027-10-21_05:00:00;139594.8598
2027-10-21_06:00:00;154369.8928
2027-10-21_07:00:00;158213.5782
2027-10-21_08:00:00;160004.6798
2027-10-21_09:00:00;162531.0860
2027-10-21_10:00:00;163023.0388
2027-10-21_11:00:00;160700.3728
2027-10-21_12:00:00;159103.4098
2027-10-21_13:00:00;156123.2680
2027-10-21_14:00:00;153526.0749
2027-10-21_15:00:00;150025.4068
2027-10-21_16:00:00;151092.0435
2027-10-21_17:00:00;157339.3389
2027-10-21_18:00:00;158239.4275
2027-10-21_19:00:00;147382.4303
2027-10-21_20:00:00;141857.8814
2027-10-21_21:00:00;130931.8554
2027-10-21_22:00:00;119468.2730
2027-10-21_23:00:00;111404.5553
2027-10-22_00:00:00;107159.7013
2027-10-22_01:00:00;106368.6166
2027-10-22_02:00:00;106933.0657
2027-10-22_03:00:00;110471.7768
2027-10-22_04:00:00;117691.2413
2027-10-22_05:00:00;138832.2627
2027-10-22_06:00:00;153135.6016
2027-10-22_07:00:00;159117.6905
2027-10-22_08:00:00;159690.3563
2027-10-22_09:00:00;160542.9540
2027-10-22_10:00:00;160468.1253
2027-10-22_11:00:00;158655.0102
2027-10-22_12:00:00;155826.0961
2027-10-22_13:00:00;153140.3990
2027-10-22_14:00:00;149930.3582
2027-10-22_15:00:00;149611.3795
2027-10-22_16:00:00;149235.3160
2027-10-22_17:00:00;153101.9576
2027-10-22_18:00:00;152449.8529
2027-10-22_19:00:00;143487.8287
2027-10-22_20:00:00;134065.1067
2027-10-22_21:00:00;125550.3619
2027-10-22_22:00:00;115275.3567
2027-10-22_23:00:00;115325.4955
2027-10-23_00:00:00;109800.1785
2027-10-23_01:00:00;106831.6188
2027-10-23_02:00:00;105596.8922
2027-10-23_03:00:00;108726.9824
2027-10-23_04:00:00;112453.3291
2027-10-23_05:00:00;115789.3680
2027-10-23_06:00:00;123799.5410
2027-10-23_07:00:00;124859.5039
2027-10-23_08:00:00;129804.9265
2027-10-23_09:00:00;133317.1852
2027-10-23_10:00:00;135443.4767
2027-10-23_11:00:00;135767.6776
2027-10-23_12:00:00;130646.9322
2027-10-23_13:00:00;128048.6742
2027-10-23_14:00:00;124742.5430
2027-10-23_15:00:00;123349.5117
2027-10-23_16:00:00;124754.0814
2027-10-23_17:00:00;132059.9911
2027-10-23_18:00:00;131018.6708
2027-10-23_19:00:00;123891.6812
2027-10-23_20:00:00;118075.3462
2027-10-23_21:00:00;113383.2760
2027-10-23_22:00:00;104049.4560
2027-10-23_23:00:00;98539.2039
2027-10-24_00:00:00;94395.4411
2027-10-24_01:00:00;91230.0303
2027-10-24_02:00:00;91649.1736
2027-10-24_03:00:00;90379.3072
2027-10-24_04:00:00;92910.4820
2027-10-24_05:00:00;96430.0829
2027-10-24_06:00:00;101875.2360
2027-10-24_07:00:00;107114.5635
2027-10-24_08:00:00;114774.5175
2027-10-24_09:00:00;122893.0302
2027-10-24_10:00:00;127621.8365
2027-10-24_11:00:00;126727.1206
2027-10-24_12:00:00;126488.4943
2027-10-24_13:00:00;124714.3395
2027-10-24_14:00:00;120469.5062
2027-10-24_15:00:00;120257.4486
2027-10-24_16:00:00;119682.9489
2027-10-24_17:00:00;129666.1756
2027-10-24_18:00:00;132966.0306
2027-10-24_19:00:00;128512.4378
2027-10-24_20:00:00;125480.0657
2027-10-24_21:00:00;121170.5951
2027-10-24_22:00:00;113451.1313
2027-10-24_23:00:00;103059.1412
2027-10-25_00:00:00;99143.5086
2027-10-25_01:00:00;98722.1819
2027-10-25_02:00:00;98459.4236
2027-10-25_03:00:00;102523.0752
2027-10-25_04:00:00;111736.8729
2027-10-25_05:00:00;129270.8030
2027-10-25_06:00:00;148514.7009
2027-10-25_07:00:00;152848.4563
2027-10-25_08:00:00;152156.2642
2027-10-25_09:00:00;154479.1511
2027-10-25_10:00:00;156023.9257
2027-10-25_11:00:00;155669.6626
2027-10-25_12:00:00;153237.7118
2027-10-25_13:00:00;151528.7966
2027-10-25_14:00:00;150546.6396
2027-10-25_15:00:00;146628.3944
2027-10-25_16:00:00;148241.9240
2027-10-25_17:00:00;155295.0873
2027-10-25_18:00:00;154988.4319
2027-10-25_19:00:00;145905.4947
2027-10-25_20:00:00;136560.7045
2027-10-25_21:00:00;126946.3840
2027-10-25_22:00:00;113788.9197
2027-10-25_23:00:00;107568.6871
2027-10-26_00:00:00;105331.2935
2027-10-26_01:00:00;103111.9633
2027-10-26_02:00:00;102013.4856
2027-10-26_03:00:00;103279.6044
2027-10-26_04:00:00;114536.2757
2027-10-26_05:00:00;131652.3638
2027-10-26_06:00:00;148477.2820
2027-10-26_07:00:00;153380.6814
2027-10-26_08:00:00;154008.3072
2027-10-26_09:00:00;153641.2042
2027-10-26_10:00:00;155179.5028
2027-10-26_11:00:00;154041.6343
2027-10-26_12:00:00;152453.1537
2027-10-26_13:00:00;149233.7606
2027-10-26_14:00:00;147464.8625
2027-10-26_15:00:00;145510.0537
2027-10-26_16:00:00;147814.3941
2027-10-26_17:00:00;153252.4602
2027-10-26_18:00:00;151735.9126
2027-10-26_19:00:00;141728.3107
2027-10-26_20:00:00;132734.6659
2027-10-26_21:00:00;124689.4858
2027-10-26_22:00:00;114388.4710
2027-10-26_23:00:00;105516.7062
2027-10-27_00:00:00;99753.7593
2027-10-27_01:00:00;98916.8051
2027-10-27_02:00:00;99684.1109
2027-10-27_03:00:00;103085.6450
2027-10-27_04:00:00;111089.7376
2027-10-27_05:00:00;130838.5751
2027-10-27_06:00:00;145258.7070
2027-10-27_07:00:00;149026.7844
2027-10-27_08:00:00;149982.8457
2027-10-27_09:00:00;151225.0708
2027-10-27_10:00:00;152232.9847
2027-10-27_11:00:00;151381.8894
2027-10-27_12:00:00;149629.0535
2027-10-27_13:00:00;147000.8941
2027-10-27_14:00:00;145245.4617
2027-10-27_15:00:00;143188.3281
2027-10-27_16:00:00;144373.2404
2027-10-27_17:00:00;151976.3287
2027-10-27_18:00:00;151197.2251
2027-10-27_19:00:00;144960.3022
2027-10-27_20:00:00;135785.2357
2027-10-27_21:00:00;125538.3407
2027-10-27_22:00:00;115920.0259
2027-10-27_23:00:00;107187.6291
2027-10-28_00:00:00;106313.6538
2027-10-28_01:00:00;105740.6126
2027-10-28_02:00:00;105762.4297
2027-10-28_03:00:00;107440.2195
2027-10-28_04:00:00;116470.9915
2027-10-28_05:00:00;135670.9514
2027-10-28_06:00:00;151382.5695
2027-10-28_07:00:00;154691.1612
2027-10-28_08:00:00;154609.5237
2027-10-28_09:00:00;155721.2976
2027-10-28_10:00:00;156740.2312
2027-10-28_11:00:00;156466.5579
2027-10-28_12:00:00;157063.7226
2027-10-28_13:00:00;155040.3888
2027-10-28_14:00:00;152725.9245
2027-10-28_15:00:00;148818.8616
2027-10-28_16:00:00;148465.9983
2027-10-28_17:00:00;154998.7784
2027-10-28_18:00:00;154940.0638
2027-10-28_19:00:00;148032.1028
2027-10-28_20:00:00;138149.7503
2027-10-28_21:00:00;129394.0107
2027-10-28_22:00:00;120045.7136
2027-10-28_23:00:00;114119.3654
2027-10-29_00:00:00;114168.1571
2027-10-29_01:00:00;113327.4652
2027-10-29_02:00:00;113454.0413
2027-10-29_03:00:00;113087.1730
2027-10-29_04:00:00;122898.8677
2027-10-29_05:00:00;136986.3702
2027-10-29_06:00:00;153943.4742
2027-10-29_07:00:00;156662.3488
2027-10-29_08:00:00;157418.7381
2027-10-29_09:00:00;158090.1275
2027-10-29_10:00:00;159102.0733
2027-10-29_11:00:00;156091.9208
2027-10-29_12:00:00;153152.1657
2027-10-29_13:00:00;149574.8608
2027-10-29_14:00:00;146552.0924
2027-10-29_15:00:00;145056.0422
2027-10-29_16:00:00;144910.5426
2027-10-29_17:00:00;148913.7868
2027-10-29_18:00:00;146360.3812
2027-10-29_19:00:00;140182.3439
2027-10-29_20:00:00;136232.6297
2027-10-29_21:00:00;128575.7237
2027-10-29_22:00:00;120178.1812
2027-10-29_23:00:00;109789.3320
2027-10-30_00:00:00;105825.3482
2027-10-30_01:00:00;103899.4815
2027-10-30_02:00:00;102997.0613
2027-10-30_03:00:00;103656.2670
2027-10-30_04:00:00;106020.6456
2027-10-30_05:00:00;114114.5879
2027-10-30_06:00:00;121789.1043
2027-10-30_07:00:00;126198.4775
2027-10-30_08:00:00;129138.1168
2027-10-30_09:00:00;131164.4627
2027-10-30_10:00:00;133532.4409
2027-10-30_11:00:00;135983.9873
2027-10-30_12:00:00;134913.1090
2027-10-30_13:00:00;132815.9275
2027-10-30_14:00:00;129461.3320
2027-10-30_15:00:00;126857.1373
2027-10-30_16:00:00;125776.5592
2027-10-30_17:00:00;133624.0699
2027-10-30_18:00:00;132860.4832
2027-10-30_19:00:00;126681.6645
2027-10-30_20:00:00;120889.3165
2027-10-30_21:00:00;115845.9589
2027-10-30_22:00:00;111136.2436
2027-10-30_23:00:00;107449.4954
2027-10-31_00:00:00;102440.6849
2027-10-31_01:00:00;98341.0058
2027-10-31_02:00:00;96521.9945
2027-10-31_03:00:00;96877.4461
2027-10-31_04:00:00;99107.1539
2027-10-31_05:00:00;102070.1425
2027-10-31_06:00:00;108003.6289
2027-10-31_07:00:00;115203.6543
2027-10-31_08:00:00;118832.2664
2027-10-31_09:00:00;121967.9530
2027-10-31_10:00:00;125101.8251
2027-10-31_11:00:00;127316.9887
2027-10-31_12:00:00;126689.2418
2027-10-31_13:00:00;122592.7382
2027-10-31_14:00:00;118372.7271
2027-10-31_15:00:00;117107.6131
2027-10-31_16:00:00;119395.3391
2027-10-31_17:00:00;130903.7738
2027-10-31_18:00:00;135734.3986
2027-10-31_19:00:00;131664.5342
2027-10-31_20:00:00;126736.7804
2027-10-31_21:00:00;123006.3734
2027-10-31_22:00:00;116944.3151
2027-10-31_23:00:00;108399.4979
2027-11-01_00:00:00;100585.4807
2027-11-01_01:00:00;98558.2122
2027-11-01_02:00:00;97611.1981
2027-11-01_03:00:00;96195.3169
2027-11-01_04:00:00;99513.4121
2027-11-01_05:00:00;111202.0988
2027-11-01_06:00:00;126842.2270
2027-11-01_07:00:00;136559.6624
2027-11-01_08:00:00;144077.8121
2027-11-01_09:00:00;145050.7080
2027-11-01_10:00:00;144891.2151
2027-11-01_11:00:00;146290.9628
2027-11-01_12:00:00;146682.3243
2027-11-01_13:00:00;143429.8247
2027-11-01_14:00:00;143769.4806
2027-11-01_15:00:00;139216.2757
2027-11-01_16:00:00;143455.8527
2027-11-01_17:00:00;152923.6591
2027-11-01_18:00:00;153375.0426
2027-11-01_19:00:00;145639.6523
2027-11-01_20:00:00;138634.9510
2027-11-01_21:00:00;130885.9661
2027-11-01_22:00:00;126694.3730
2027-11-01_23:00:00;117885.3113
2027-11-02_00:00:00;109255.4477
2027-11-02_01:00:00;108239.2244
2027-11-02_02:00:00;106344.9847
2027-11-02_03:00:00;106307.7515
2027-11-02_04:00:00;110012.5923
2027-11-02_05:00:00;115625.9579
2027-11-02_06:00:00;124699.3605
2027-11-02_07:00:00;128822.2602
2027-11-02_08:00:00;134379.9910
2027-11-02_09:00:00;137590.4293
2027-11-02_10:00:00;139178.0195
2027-11-02_11:00:00;140304.8060
2027-11-02_12:00:00;140486.9513
2027-11-02_13:00:00;135338.4592
2027-11-02_14:00:00;134006.9033
2027-11-02_15:00:00;132513.1313
2027-11-02_16:00:00;135307.9570
2027-11-02_17:00:00;145797.4111
2027-11-02_18:00:00;147731.4599
2027-11-02_19:00:00;143637.6721
2027-11-02_20:00:00;137732.1960
2027-11-02_21:00:00;130416.0275
2027-11-02_22:00:00;125528.8612
2027-11-02_23:00:00;116508.3132
2027-11-03_00:00:00;108311.2230
2027-11-03_01:00:00;107126.4841
2027-11-03_02:00:00;106435.5730
2027-11-03_03:00:00;107782.0274
2027-11-03_04:00:00;112441.1724
2027-11-03_05:00:00;123934.5774
2027-11-03_06:00:00;145027.2816
2027-11-03_07:00:00;156584.2322
2027-11-03_08:00:00;162662.8710
2027-11-03_09:00:00;164909.5836
2027-11-03_10:00:00;165518.5073
2027-11-03_11:00:00;168878.8097
2027-11-03_12:00:00;167868.9591
2027-11-03_13:00:00;165855.1394
2027-11-03_14:00:00;163666.4338
2027-11-03_15:00:00;161835.1816
2027-11-03_16:00:00;162126.9349
2027-11-03_17:00:00;171391.3946
2027-11-03_18:00:00;169975.5970
2027-11-03_19:00:00;163042.5293
2027-11-03_20:00:00;155344.7240
2027-11-03_21:00:00;148450.2067
2027-11-03_22:00:00;138800.2638
2027-11-03_23:00:00;130227.1870
2027-11-04_00:00:00;123320.3638
2027-11-04_01:00:00;119497.6128
2027-11-04_02:00:00;119185.5681
2027-11-04_03:00:00;118335.5356
2027-11-04_04:00:00;121448.9536
2027-11-04_05:00:00;132419.0894
2027-11-04_06:00:00;150337.8451
2027-11-04_07:00:00;157955.4284
2027-11-04_08:00:00;161939.4736
2027-11-04_09:00:00;163583.1570
2027-11-04_10:00:00;164180.7955
2027-11-04_11:00:00;166337.5953
2027-11-04_12:00:00;164615.4654
2027-11-04_13:00:00;161786.6037
2027-11-04_14:00:00;157121.2072
2027-11-04_15:00:00;156931.6170
2027-11-04_16:00:00;153930.8342
2027-11-04_17:00:00;162463.0506
2027-11-04_18:00:00;162074.4726
2027-11-04_19:00:00;157341.8939
2027-11-04_20:00:00;150944.9587
2027-11-04_21:00:00;143023.9291
2027-11-04_22:00:00;133126.8069
2027-11-04_23:00:00;125844.1068
2027-11-05_00:00:00;116435.1276
2027-11-05_01:00:00;115098.3934
2027-11-05_02:00:00;114158.9867
2027-11-05_03:00:00;114951.5520
2027-11-05_04:00:00;121065.5525
2027-11-05_05:00:00;128149.2553
2027-11-05_06:00:00;148726.4157
2027-11-05_07:00:00;161174.1854
2027-11-05_08:00:00;166787.0880
2027-11-05_09:00:00;166621.9799
2027-11-05_10:00:00;167817.5018
2027-11-05_11:00:00;168258.0306
2027-11-05_12:00:00;166189.3247
2027-11-05_13:00:00;164065.8662
2027-11-05_14:00:00;159344.5328
2027-11-05_15:00:00;156831.3998
2027-11-05_16:00:00;155210.7807
2027-11-05_17:00:00;164021.5202
2027-11-05_18:00:00;164233.4786
2027-11-05_19:00:00;157591.0221
2027-11-05_20:00:00;152505.1916
2027-11-05_21:00:00;144434.7475
2027-11-05_22:00:00;134104.3068
2027-11-05_23:00:00;122867.0691
2027-11-06_00:00:00;119745.4200
2027-11-06_01:00:00;115953.2340
2027-11-06_02:00:00;115167.9596
2027-11-06_03:00:00;114250.4614
2027-11-06_04:00:00;115002.8588
2027-11-06_05:00:00;120063.1862
2027-11-06_06:00:00;124786.7271
2027-11-06_07:00:00;130604.3601
2027-11-06_08:00:00;136139.1286
2027-11-06_09:00:00;141899.3834
2027-11-06_10:00:00;143003.7741
2027-11-06_11:00:00;144362.5713
2027-11-06_12:00:00;142272.1435
2027-11-06_13:00:00;138141.2081
2027-11-06_14:00:00;135229.5806
2027-11-06_15:00:00;135526.8509
2027-11-06_16:00:00;137351.3625
2027-11-06_17:00:00;145795.4117
2027-11-06_18:00:00;145168.5298
2027-11-06_19:00:00;139742.7105
2027-11-06_20:00:00;133606.7305
2027-11-06_21:00:00;128196.8584
2027-11-06_22:00:00;124566.2738
2027-11-06_23:00:00;115613.1932
2027-11-07_00:00:00;108930.9070
2027-11-07_01:00:00;100204.4550
2027-11-07_02:00:00;97873.2963
2027-11-07_03:00:00;99132.8616
2027-11-07_04:00:00;100751.7192
2027-11-07_05:00:00;103237.4435
2027-11-07_06:00:00;110416.2732
2027-11-07_07:00:00;112364.5140
2027-11-07_08:00:00;121337.2129
2027-11-07_09:00:00;127395.2213
2027-11-07_10:00:00;132022.1615
2027-11-07_11:00:00;137640.3144
2027-11-07_12:00:00;135772.4737
2027-11-07_13:00:00;132210.1195
2027-11-07_14:00:00;128394.2009
2027-11-07_15:00:00;128036.1165
2027-11-07_16:00:00;130108.6605
2027-11-07_17:00:00;142115.3130
2027-11-07_18:00:00;142818.1432
2027-11-07_19:00:00;140982.9419
2027-11-07_20:00:00;137809.4697
2027-11-07_21:00:00;133554.4527
2027-11-07_22:00:00;129253.5009
2027-11-07_23:00:00;117133.2556
2027-11-08_00:00:00;106402.7574
2027-11-08_01:00:00;104098.1688
2027-11-08_02:00:00;104746.1253
2027-11-08_03:00:00;105711.9624
2027-11-08_04:00:00;110142.5684
2027-11-08_05:00:00;121899.3308
2027-11-08_06:00:00;140328.9440
2027-11-08_07:00:00;157499.4082
2027-11-08_08:00:00;161436.3809
2027-11-08_09:00:00;163042.0347
2027-11-08_10:00:00;165801.4330
2027-11-08_11:00:00;164620.7586
2027-11-08_12:00:00;162967.1882
2027-11-08_13:00:00;160632.1541
2027-11-08_14:00:00;158266.5665
2027-11-08_15:00:00;155873.8322
2027-11-08_16:00:00;157133.6098
2027-11-08_17:00:00;167423.1652
2027-11-08_18:00:00;163628.6491
2027-11-08_19:00:00;159602.4232
2027-11-08_20:00:00;151895.0333
2027-11-08_21:00:00;142184.5688
2027-11-08_22:00:00;138175.0280
2027-11-08_23:00:00;129423.1144
2027-11-09_00:00:00;123412.2721
2027-11-09_01:00:00;117455.8502
2027-11-09_02:00:00;117349.0738
2027-11-09_03:00:00;117717.9742
2027-11-09_04:00:00;120721.8521
2027-11-09_05:00:00;130081.2712
2027-11-09_06:00:00;149534.7638
2027-11-09_07:00:00;164337.8611
2027-11-09_08:00:00;167535.7374
2027-11-09_09:00:00;166562.8097
2027-11-09_10:00:00;168080.9748
2027-11-09_11:00:00;167575.5330
2027-11-09_12:00:00;166676.7409
2027-11-09_13:00:00;165115.1038
2027-11-09_14:00:00;162982.7281
2027-11-09_15:00:00;163547.7285
2027-11-09_16:00:00;166570.6121
2027-11-09_17:00:00;173712.6521
2027-11-09_18:00:00;170459.1433
2027-11-09_19:00:00;163031.3064
2027-11-09_20:00:00;155266.9087
2027-11-09_21:00:00;147037.5558
2027-11-09_22:00:00;138401.7053
2027-11-09_23:00:00;127843.5891
2027-11-10_00:00:00;121458.9787
2027-11-10_01:00:00;117010.3345
2027-11-10_02:00:00;114548.7088
2027-11-10_03:00:00;115129.5250
2027-11-10_04:00:00;119263.1619
2027-11-10_05:00:00;128715.0527
2027-11-10_06:00:00;146219.5730
2027-11-10_07:00:00;158095.3706
2027-11-10_08:00:00;162997.0889
2027-11-10_09:00:00;165451.4159
2027-11-10_10:00:00;164213.3863
2027-11-10_11:00:00;165702.0444
2027-11-10_12:00:00;165647.8917
2027-11-10_13:00:00;162805.3908
2027-11-10_14:00:00;160646.4045
2027-11-10_15:00:00;160811.4128
2027-11-10_16:00:00;163699.1738
2027-11-10_17:00:00;171563.7197
2027-11-10_18:00:00;168516.3679
2027-11-10_19:00:00;162991.4364
2027-11-10_20:00:00;158335.5290
2027-11-10_21:00:00;150670.7509
2027-11-10_22:00:00;141912.5812
2027-11-10_23:00:00;128339.1833
2027-11-11_00:00:00;121784.3105
2027-11-11_01:00:00;117117.2340
2027-11-11_02:00:00;115099.8649
2027-11-11_03:00:00;116486.6113
2027-11-11_04:00:00;117474.8107
2027-11-11_05:00:00;126436.1499
2027-11-11_06:00:00;145080.8332
2027-11-11_07:00:00;157180.4127
2027-11-11_08:00:00;162904.7268
2027-11-11_09:00:00;164429.2414
2027-11-11_10:00:00;164673.6461
2027-11-11_11:00:00;165275.6031
2027-11-11_12:00:00;164866.6385
2027-11-11_13:00:00;162560.1654
2027-11-11_14:00:00;161249.1057
2027-11-11_15:00:00;162893.1484
2027-11-11_16:00:00;163209.7842
2027-11-11_17:00:00;169371.7071
2027-11-11_18:00:00;165556.3699
2027-11-11_19:00:00;160968.7383
2027-11-11_20:00:00;153396.6416
2027-11-11_21:00:00;146554.5656
2027-11-11_22:00:00;136889.0966
2027-11-11_23:00:00;126831.6673
2027-11-12_00:00:00;121356.4023
2027-11-12_01:00:00;118190.4164
2027-11-12_02:00:00;115480.6230
2027-11-12_03:00:00;115692.4508
2027-11-12_04:00:00;120928.6749
2027-11-12_05:00:00;127042.9545
2027-11-12_06:00:00;146906.2601
2027-11-12_07:00:00;157802.0973
2027-11-12_08:00:00;162560.3222
2027-11-12_09:00:00;163770.6906
2027-11-12_10:00:00;164521.6740
2027-11-12_11:00:00;164928.2316
2027-11-12_12:00:00;164435.8582
2027-11-12_13:00:00;160599.8391
2027-11-12_14:00:00;155213.4097
2027-11-12_15:00:00;156714.2149
2027-11-12_16:00:00;160606.6438
2027-11-12_17:00:00;166821.4214
2027-11-12_18:00:00;162651.0174
2027-11-12_19:00:00;157070.7871
2027-11-12_20:00:00;148604.8431
2027-11-12_21:00:00;139435.1933
2027-11-12_22:00:00;133297.6495
2027-11-12_23:00:00;127249.5759
2027-11-13_00:00:00;121702.2249
2027-11-13_01:00:00;117625.6795
2027-11-13_02:00:00;115033.3352
2027-11-13_03:00:00;114146.3340
2027-11-13_04:00:00;114335.6904
2027-11-13_05:00:00;116662.2682
2027-11-13_06:00:00;122439.2295
2027-11-13_07:00:00;131012.6916
2027-11-13_08:00:00;136573.5669
2027-11-13_09:00:00;142380.4738
2027-11-13_10:00:00;146328.2904
2027-11-13_11:00:00;147653.2028
2027-11-13_12:00:00;145750.5909
2027-11-13_13:00:00;144142.2535
2027-11-13_14:00:00;136236.7393
2027-11-13_15:00:00;136753.7251
2027-11-13_16:00:00;140505.5076
2027-11-13_17:00:00;148073.3731
2027-11-13_18:00:00;146898.4115
2027-11-13_19:00:00;143131.5064
2027-11-13_20:00:00;138653.9235
2027-11-13_21:00:00;131797.7090
2027-11-13_22:00:00;128494.6162
2027-11-13_23:00:00;121913.4000
2027-11-14_00:00:00;116876.7786
2027-11-14_01:00:00;113103.8030
2027-11-14_02:00:00;111414.4172
2027-11-14_03:00:00;110227.5728
2027-11-14_04:00:00;110545.1284
2027-11-14_05:00:00;111666.2932
2027-11-14_06:00:00;111986.7787
2027-11-14_07:00:00;115902.7459
2027-11-14_08:00:00;123013.1643
2027-11-14_09:00:00;130368.2793
2027-11-14_10:00:00;135963.7614
2027-11-14_11:00:00;140499.6443
2027-11-14_12:00:00;138256.9992
2027-11-14_13:00:00;134178.1647
2027-11-14_14:00:00;131753.9416
2027-11-14_15:00:00;129922.3551
2027-11-14_16:00:00;132514.3761
2027-11-14_17:00:00;141822.9435
2027-11-14_18:00:00;143218.8616
2027-11-14_19:00:00;139623.8924
2027-11-14_20:00:00;135953.1334
2027-11-14_21:00:00;132383.6466
2027-11-14_22:00:00;129313.0775
2027-11-14_23:00:00;122508.7840
2027-11-15_00:00:00;118681.5764
2027-11-15_01:00:00;114794.4416
2027-11-15_02:00:00;114447.0083
2027-11-15_03:00:00;116114.7011
2027-11-15_04:00:00;118551.0922
2027-11-15_05:00:00;128232.4893
2027-11-15_06:00:00;147863.4878
2027-11-15_07:00:00;156923.0071
2027-11-15_08:00:00;161174.2479
2027-11-15_09:00:00;163787.7611
2027-11-15_10:00:00;166256.7795
2027-11-15_11:00:00;167651.3582
2027-11-15_12:00:00;169162.4297
2027-11-15_13:00:00;167618.4257
2027-11-15_14:00:00;163812.1331
2027-11-15_15:00:00;160960.1128
2027-11-15_16:00:00;163217.1689
2027-11-15_17:00:00;170881.1852
2027-11-15_18:00:00;166808.4973
2027-11-15_19:00:00;163901.6257
2027-11-15_20:00:00;155455.7543
2027-11-15_21:00:00;147276.8369
2027-11-15_22:00:00;139941.2651
2027-11-15_23:00:00;132790.4940
2027-11-16_00:00:00;125436.8467
2027-11-16_01:00:00;122236.2028
2027-11-16_02:00:00;120869.5166
2027-11-16_03:00:00;121323.3077
2027-11-16_04:00:00;123923.0352
2027-11-16_05:00:00;131271.7376
2027-11-16_06:00:00;148607.2300
2027-11-16_07:00:00;161493.8786
2027-11-16_08:00:00;166357.5546
2027-11-16_09:00:00;166286.7535
2027-11-16_10:00:00;167087.4863
2027-11-16_11:00:00;167975.6722
2027-11-16_12:00:00;168343.4746
2027-11-16_13:00:00;166640.4490
2027-11-16_14:00:00;165479.0934
2027-11-16_15:00:00;165454.7398
2027-11-16_16:00:00;167070.8903
2027-11-16_17:00:00;170567.1681
2027-11-16_18:00:00;166666.6551
2027-11-16_19:00:00;162375.2204
2027-11-16_20:00:00;155383.6192
2027-11-16_21:00:00;144846.2042
2027-11-16_22:00:00;137789.9716
2027-11-16_23:00:00;130478.9828
2027-11-17_00:00:00;125846.9226
2027-11-17_01:00:00;122430.5819
2027-11-17_02:00:00;119222.1926
2027-11-17_03:00:00;117713.2199
2027-11-17_04:00:00;119097.0285
2027-11-17_05:00:00;128190.1994
2027-11-17_06:00:00;140718.6851
2027-11-17_07:00:00;153413.8924
2027-11-17_08:00:00;159433.0746
2027-11-17_09:00:00;162370.2692
2027-11-17_10:00:00;163934.5528
2027-11-17_11:00:00;165690.4085
2027-11-17_12:00:00;166474.5969
2027-11-17_13:00:00;165932.7457
2027-11-17_14:00:00;164391.6752
2027-11-17_15:00:00;163989.3799
2027-11-17_16:00:00;166502.0265
2027-11-17_17:00:00;171722.0398
2027-11-17_18:00:00;167020.9259
2027-11-17_19:00:00;161951.5953
2027-11-17_20:00:00;153783.9819
2027-11-17_21:00:00;145373.9542
2027-11-17_22:00:00;137406.3432
2027-11-17_23:00:00;128875.5962
2027-11-18_00:00:00;121354.1241
2027-11-18_01:00:00;118462.8736
2027-11-18_02:00:00;117046.3101
2027-11-18_03:00:00;116789.4000
2027-11-18_04:00:00;121650.2236
2027-11-18_05:00:00;131710.3292
2027-11-18_06:00:00;145519.5288
2027-11-18_07:00:00;154116.5024
2027-11-18_08:00:00;161497.1897
2027-11-18_09:00:00;163128.3160
2027-11-18_10:00:00;165704.3503
2027-11-18_11:00:00;166819.3146
2027-11-18_12:00:00;166487.3608
2027-11-18_13:00:00;165367.8672
2027-11-18_14:00:00;163941.1497
2027-11-18_15:00:00;162030.4644
2027-11-18_16:00:00;164823.3734
2027-11-18_17:00:00;170533.1424
2027-11-18_18:00:00;168171.3238
2027-11-18_19:00:00;163918.7569
2027-11-18_20:00:00;157691.6546
2027-11-18_21:00:00;147825.9552
2027-11-18_22:00:00;141856.4623
2027-11-18_23:00:00;130506.5354
2027-11-19_00:00:00;121410.1536
2027-11-19_01:00:00;117959.6179
2027-11-19_02:00:00;115748.1817
2027-11-19_03:00:00;116876.4631
2027-11-19_04:00:00;120355.3924
2027-11-19_05:00:00;129621.9098
2027-11-19_06:00:00;148516.0382
2027-11-19_07:00:00;160131.7989
2027-11-19_08:00:00;165803.7759
2027-11-19_09:00:00;167084.6796
2027-11-19_10:00:00;168634.4276
2027-11-19_11:00:00;168095.2133
2027-11-19_12:00:00;165165.1542
2027-11-19_13:00:00;162758.0846
2027-11-19_14:00:00;160849.4886
2027-11-19_15:00:00;160098.5923
2027-11-19_16:00:00;160507.5111
2027-11-19_17:00:00;167059.3048
2027-11-19_18:00:00;163655.1815
2027-11-19_19:00:00;160208.5737
2027-11-19_20:00:00;151432.2566
2027-11-19_21:00:00;143006.5251
2027-11-19_22:00:00;138038.2012
2027-11-19_23:00:00;131752.2552
2027-11-20_00:00:00;119499.1629
2027-11-20_01:00:00;114698.4032
2027-11-20_02:00:00;111242.3043
2027-11-20_03:00:00;111140.6851
2027-11-20_04:00:00;111533.0855
2027-11-20_05:00:00;113540.9941
2027-11-20_06:00:00;119299.9588
2027-11-20_07:00:00;128994.1810
2027-11-20_08:00:00;134592.0058
2027-11-20_09:00:00;140004.7727
2027-11-20_10:00:00;142809.6617
2027-11-20_11:00:00;143861.9204
2027-11-20_12:00:00;142433.9559
2027-11-20_13:00:00;138939.1066
2027-11-20_14:00:00;136258.9328
2027-11-20_15:00:00;136508.1885
2027-11-20_16:00:00;138398.8547
2027-11-20_17:00:00;145022.3034
2027-11-20_18:00:00;144466.4940
2027-11-20_19:00:00;141373.3002
2027-11-20_20:00:00;136158.4892
2027-11-20_21:00:00;129772.8361
2027-11-20_22:00:00;125859.5702
2027-11-20_23:00:00;116069.6301
2027-11-21_00:00:00;109914.9746
2027-11-21_01:00:00;106274.1916
2027-11-21_02:00:00;104607.3598
2027-11-21_03:00:00;103067.4523
2027-11-21_04:00:00;103926.4075
2027-11-21_05:00:00;103890.8531
2027-11-21_06:00:00;106346.9590
2027-11-21_07:00:00;110402.3771
2027-11-21_08:00:00;117483.5336
2027-11-21_09:00:00;124400.1814
2027-11-21_10:00:00;129695.5543
2027-11-21_11:00:00;135466.6723
2027-11-21_12:00:00;133899.6436
2027-11-21_13:00:00;129402.6413
2027-11-21_14:00:00;126002.4595
2027-11-21_15:00:00;125860.2707
2027-11-21_16:00:00;130506.8501
2027-11-21_17:00:00;140075.6264
2027-11-21_18:00:00;141668.0866
2027-11-21_19:00:00;138687.3112
2027-11-21_20:00:00;132694.3696
2027-11-21_21:00:00;126402.7268
2027-11-21_22:00:00;122593.9969
2027-11-21_23:00:00;115672.4394
2027-11-22_00:00:00;112507.2258
2027-11-22_01:00:00;105527.0079
2027-11-22_02:00:00;100738.6595
2027-11-22_03:00:00;100271.6366
2027-11-22_04:00:00;105403.0307
2027-11-22_05:00:00;118552.9476
2027-11-22_06:00:00;134617.1747
2027-11-22_07:00:00;151208.0310
2027-11-22_08:00:00;159794.5937
2027-11-22_09:00:00;164134.2062
2027-11-22_10:00:00;166862.5195
2027-11-22_11:00:00;167694.8795
2027-11-22_12:00:00;166161.8174
2027-11-22_13:00:00;164577.9447
2027-11-22_14:00:00;161631.2912
2027-11-22_15:00:00;159240.1865
2027-11-22_16:00:00;162490.4953
2027-11-22_17:00:00;170433.7702
2027-11-22_18:00:00;171857.2640
2027-11-22_19:00:00;169174.1461
2027-11-22_20:00:00;160704.7728
2027-11-22_21:00:00;149598.8696
2027-11-22_22:00:00;143252.7978
2027-11-22_23:00:00;132052.0320
2027-11-23_00:00:00;122119.8768
2027-11-23_01:00:00;119107.4745
2027-11-23_02:00:00;116888.3676
2027-11-23_03:00:00;113888.8035
2027-11-23_04:00:00;115706.0251
2027-11-23_05:00:00;128112.3320
2027-11-23_06:00:00;145953.4306
2027-11-23_07:00:00;156762.2513
2027-11-23_08:00:00;161704.7449
2027-11-23_09:00:00;162789.4396
2027-11-23_10:00:00;163273.5856
2027-11-23_11:00:00;163693.1594
2027-11-23_12:00:00;161037.8095
2027-11-23_13:00:00;158482.1386
2027-11-23_14:00:00;155470.1276
2027-11-23_15:00:00;156013.0375
2027-11-23_16:00:00;159944.7826
2027-11-23_17:00:00;166641.1934
2027-11-23_18:00:00;164331.8675
2027-11-23_19:00:00;157406.1798
2027-11-23_20:00:00;151322.8182
2027-11-23_21:00:00;143500.3346
2027-11-23_22:00:00;136690.0894
2027-11-23_23:00:00;125145.9692
2027-11-24_00:00:00;119590.2587
2027-11-24_01:00:00;115865.4311
2027-11-24_02:00:00;113076.1573
2027-11-24_03:00:00;112099.4742
2027-11-24_04:00:00;114013.3106
2027-11-24_05:00:00;126484.5189
2027-11-24_06:00:00;143560.9793
2027-11-24_07:00:00;153571.7469
2027-11-24_08:00:00;158150.3252
2027-11-24_09:00:00;157866.4602
2027-11-24_10:00:00;158295.7864
2027-11-24_11:00:00;159564.4941
2027-11-24_12:00:00;158502.4176
2027-11-24_13:00:00;157253.3510
2027-11-24_14:00:00;154738.2261
2027-11-24_15:00:00;152393.6040
2027-11-24_16:00:00;159572.1521
2027-11-24_17:00:00;163841.3331
2027-11-24_18:00:00;161887.5405
2027-11-24_19:00:00;156100.2613
2027-11-24_20:00:00;148583.6667
2027-11-24_21:00:00;140111.2782
2027-11-24_22:00:00;132202.6047
2027-11-24_23:00:00;124864.1728
2027-11-25_00:00:00;122854.4002
2027-11-25_01:00:00;118795.8960
2027-11-25_02:00:00;115224.4235
2027-11-25_03:00:00;112723.7519
2027-11-25_04:00:00;116315.4202
2027-11-25_05:00:00;128935.4761
2027-11-25_06:00:00;142808.7456
2027-11-25_07:00:00;155110.1167
2027-11-25_08:00:00;157371.8663
2027-11-25_09:00:00;158431.1568
2027-11-25_10:00:00;160027.2862
2027-11-25_11:00:00;160563.8884
2027-11-25_12:00:00;159872.2073
2027-11-25_13:00:00;158465.0252
2027-11-25_14:00:00;156751.5959
2027-11-25_15:00:00;156200.4675
2027-11-25_16:00:00;161534.9481
2027-11-25_17:00:00;167207.9040
2027-11-25_18:00:00;164315.6313
2027-11-25_19:00:00;159884.0443
2027-11-25_20:00:00;153836.2095
2027-11-25_21:00:00;143474.8385
2027-11-25_22:00:00;136640.5322
2027-11-25_23:00:00;129271.6769
2027-11-26_00:00:00;124728.1647
2027-11-26_01:00:00;120047.0039
2027-11-26_02:00:00;116703.2551
2027-11-26_03:00:00;114134.2883
2027-11-26_04:00:00;117975.2667
2027-11-26_05:00:00;127417.2092
2027-11-26_06:00:00;141712.5044
2027-11-26_07:00:00;153578.6935
2027-11-26_08:00:00;158179.3843
2027-11-26_09:00:00;158905.3483
2027-11-26_10:00:00;159247.9200
2027-11-26_11:00:00;158684.1512
2027-11-26_12:00:00;159683.1954
2027-11-26_13:00:00;156818.9955
2027-11-26_14:00:00;153337.3622
2027-11-26_15:00:00;154041.0150
2027-11-26_16:00:00;158527.6585
2027-11-26_17:00:00;163242.8280
2027-11-26_18:00:00;157997.4602
2027-11-26_19:00:00;151801.7599
2027-11-26_20:00:00;142987.9153
2027-11-26_21:00:00;134187.0860
2027-11-26_22:00:00;129598.4162
2027-11-26_23:00:00;120136.5362
2027-11-27_00:00:00;117950.3463
2027-11-27_01:00:00;111817.2792
2027-11-27_02:00:00;110304.8977
2027-11-27_03:00:00;108853.8399
2027-11-27_04:00:00;110823.7346
2027-11-27_05:00:00;113727.9827
2027-11-27_06:00:00;119612.1241
2027-11-27_07:00:00;127674.4375
2027-11-27_08:00:00;132357.4756
2027-11-27_09:00:00;137697.3490
2027-11-27_10:00:00;141279.7851
2027-11-27_11:00:00;142958.5915
2027-11-27_12:00:00;141812.0694
2027-11-27_13:00:00;138547.8240
2027-11-27_14:00:00;134964.1482
2027-11-27_15:00:00;136791.4716
2027-11-27_16:00:00;141441.7672
2027-11-27_17:00:00;148907.8037
2027-11-27_18:00:00;146094.7708
2027-11-27_19:00:00;144380.1380
2027-11-27_20:00:00;135455.5068
2027-11-27_21:00:00;129423.7477
2027-11-27_22:00:00;126264.6382
2027-11-27_23:00:00;117759.7726
2027-11-28_00:00:00;113883.9694
2027-11-28_01:00:00;108348.7381
2027-11-28_02:00:00;105985.7826
2027-11-28_03:00:00;106825.3734
2027-11-28_04:00:00;107037.7300
2027-11-28_05:00:00;108604.1107
2027-11-28_06:00:00;110293.7050
2027-11-28_07:00:00;114480.4998
2027-11-28_08:00:00;120034.2978
2027-11-28_09:00:00;126178.1382
2027-11-28_10:00:00;129647.0124
2027-11-28_11:00:00;132869.9711
2027-11-28_12:00:00;132441.4922
2027-11-28_13:00:00;127542.6322
2027-11-28_14:00:00;126895.6645
2027-11-28_15:00:00;124063.0946
2027-11-28_16:00:00;126348.2092
2027-11-28_17:00:00;137602.5445
2027-11-28_18:00:00;137919.2202
2027-11-28_19:00:00;135351.1070
2027-11-28_20:00:00;132797.7180
2027-11-28_21:00:00;130503.1897
2027-11-28_22:00:00;129258.9884
2027-11-28_23:00:00;120324.0314
2027-11-29_00:00:00;114341.3959
2027-11-29_01:00:00;113863.5057
2027-11-29_02:00:00;111511.7888
2027-11-29_03:00:00;112926.5676
2027-11-29_04:00:00;117956.9231
2027-11-29_05:00:00;133083.3238
2027-11-29_06:00:00;148199.1698
2027-11-29_07:00:00;158718.8675
2027-11-29_08:00:00;162950.3786
2027-11-29_09:00:00;166650.5391
2027-11-29_10:00:00;168258.7684
2027-11-29_11:00:00;171436.4800
2027-11-29_12:00:00;167181.0347
2027-11-29_13:00:00;167711.5595
2027-11-29_14:00:00;161344.5959
2027-11-29_15:00:00;160002.4677
2027-11-29_16:00:00;161208.3088
2027-11-29_17:00:00;168927.6635
2027-11-29_18:00:00;166235.4112
2027-11-29_19:00:00;160938.3710
2027-11-29_20:00:00;154376.3264
2027-11-29_21:00:00;145173.3551
2027-11-29_22:00:00;137604.3292
2027-11-29_23:00:00;130790.6517
2027-11-30_00:00:00;129473.3283
2027-11-30_01:00:00;125287.4046
2027-11-30_02:00:00;123587.8347
2027-11-30_03:00:00;124031.2863
2027-11-30_04:00:00;125744.3962
2027-11-30_05:00:00;139584.5143
2027-11-30_06:00:00;155091.8864
2027-11-30_07:00:00;169429.5191
2027-11-30_08:00:00;167720.3321
2027-11-30_09:00:00;170268.3135
2027-11-30_10:00:00;171585.9457
2027-11-30_11:00:00;172898.0470
2027-11-30_12:00:00;171787.5062
2027-11-30_13:00:00;169297.9810
2027-11-30_14:00:00;165328.3394
2027-11-30_15:00:00;164798.8024
2027-11-30_16:00:00;170911.0195
2027-11-30_17:00:00;178844.3739
2027-11-30_18:00:00;175068.6390
2027-11-30_19:00:00;170758.5042
2027-11-30_20:00:00;162034.9582
2027-11-30_21:00:00;154511.3856
2027-11-30_22:00:00;145678.7997
2027-11-30_23:00:00;135898.1518
2027-12-01_00:00:00;127971.7661
2027-12-01_01:00:00;125907.8117
2027-12-01_02:00:00;124171.9600
2027-12-01_03:00:00;123502.4808
2027-12-01_04:00:00;128112.7226
2027-12-01_05:00:00;139103.5706
2027-12-01_06:00:00;154125.0042
2027-12-01_07:00:00;169050.2026
2027-12-01_08:00:00;171881.9179
2027-12-01_09:00:00;169296.0275
2027-12-01_10:00:00;169729.2503
2027-12-01_11:00:00;172294.3949
2027-12-01_12:00:00;170917.7430
2027-12-01_13:00:00;170364.1740
2027-12-01_14:00:00;167067.5555
2027-12-01_15:00:00;167540.0992
2027-12-01_16:00:00;169845.3647
2027-12-01_17:00:00;174766.5572
2027-12-01_18:00:00;172467.4683
2027-12-01_19:00:00;168567.5282
2027-12-01_20:00:00;159731.3522
2027-12-01_21:00:00;152922.0536
2027-12-01_22:00:00;147206.5620
2027-12-01_23:00:00;136963.9060
2027-12-02_00:00:00;131025.2717
2027-12-02_01:00:00;127475.7255
2027-12-02_02:00:00;125039.4039
2027-12-02_03:00:00;125681.8461
2027-12-02_04:00:00;128978.7755
2027-12-02_05:00:00;138171.4815
2027-12-02_06:00:00;156325.0320
2027-12-02_07:00:00;168523.5260
2027-12-02_08:00:00;171705.1555
2027-12-02_09:00:00;171543.7081
2027-12-02_10:00:00;172737.3172
2027-12-02_11:00:00;171866.1570
2027-12-02_12:00:00;170829.8045
2027-12-02_13:00:00;171068.1593
2027-12-02_14:00:00;170714.0684
2027-12-02_15:00:00;169706.8470
2027-12-02_16:00:00;172617.7246
2027-12-02_17:00:00;176133.4276
2027-12-02_18:00:00;174532.4617
2027-12-02_19:00:00;171813.6427
2027-12-02_20:00:00;163650.8542
2027-12-02_21:00:00;155872.3755
2027-12-02_22:00:00;147537.6667
2027-12-02_23:00:00;136507.0766
2027-12-03_00:00:00;128916.9677
2027-12-03_01:00:00;125019.8069
2027-12-03_02:00:00;122310.6409
2027-12-03_03:00:00;124025.2626
2027-12-03_04:00:00;126362.6463
2027-12-03_05:00:00;135348.4807
2027-12-03_06:00:00;155683.8339
2027-12-03_07:00:00;168483.9387
2027-12-03_08:00:00;172173.1504
2027-12-03_09:00:00;170368.1907
2027-12-03_10:00:00;169727.3957
2027-12-03_11:00:00;171795.8552
2027-12-03_12:00:00;169651.7385
2027-12-03_13:00:00;166973.1994
2027-12-03_14:00:00;164182.4839
2027-12-03_15:00:00;161660.7904
2027-12-03_16:00:00;165269.6258
2027-12-03_17:00:00;170011.9993
2027-12-03_18:00:00;168351.1072
2027-12-03_19:00:00;163702.4231
2027-12-03_20:00:00;154828.2086
2027-12-03_21:00:00;145122.7360
2027-12-03_22:00:00;137658.7044
2027-12-03_23:00:00;128922.0404
2027-12-04_00:00:00;118220.3925
2027-12-04_01:00:00;117449.7691
2027-12-04_02:00:00;115832.0394
2027-12-04_03:00:00;114144.7634
2027-12-04_04:00:00;115600.7385
2027-12-04_05:00:00;117891.9183
2027-12-04_06:00:00;123537.5062
2027-12-04_07:00:00;127553.6832
2027-12-04_08:00:00;132824.8552
2027-12-04_09:00:00;139553.9513
2027-12-04_10:00:00;144218.7537
2027-12-04_11:00:00;146608.3636
2027-12-04_12:00:00;145405.2016
2027-12-04_13:00:00;142314.8457
2027-12-04_14:00:00;139781.0430
2027-12-04_15:00:00;135395.5502
2027-12-04_16:00:00;142055.7723
2027-12-04_17:00:00;149241.0825
2027-12-04_18:00:00;147207.8009
2027-12-04_19:00:00;142528.7544
2027-12-04_20:00:00;137535.7473
2027-12-04_21:00:00;133686.2113
2027-12-04_22:00:00;131190.7631
2027-12-04_23:00:00;122903.7407
2027-12-05_00:00:00;119466.7933
2027-12-05_01:00:00;116919.0404
2027-12-05_02:00:00;113186.1405
2027-12-05_03:00:00;111941.7011
2027-12-05_04:00:00;112170.1920
2027-12-05_05:00:00;115839.6306
2027-12-05_06:00:00;116299.0545
2027-12-05_07:00:00;122332.2044
2027-12-05_08:00:00;128204.9531
2027-12-05_09:00:00;134937.5959
2027-12-05_10:00:00;139449.9650
2027-12-05_11:00:00;143161.3160
2027-12-05_12:00:00;142783.3525
2027-12-05_13:00:00;139124.6751
2027-12-05_14:00:00;135007.5867
2027-12-05_15:00:00;131748.0672
2027-12-05_16:00:00;138247.6595
2027-12-05_17:00:00;147982.9549
2027-12-05_18:00:00;149641.3445
2027-12-05_19:00:00;147660.4205
2027-12-05_20:00:00;142720.0196
2027-12-05_21:00:00;138128.3545
2027-12-05_22:00:00;135965.0588
2027-12-05_23:00:00;129461.1566
2027-12-06_00:00:00;120610.6158
2027-12-06_01:00:00;117775.9458
2027-12-06_02:00:00;115240.1584
2027-12-06_03:00:00;115697.0547
2027-12-06_04:00:00;120340.7039
2027-12-06_05:00:00;131550.1530
2027-12-06_06:00:00;148778.7747
2027-12-06_07:00:00;161899.9729
2027-12-06_08:00:00;166866.8364
2027-12-06_09:00:00;168144.0378
2027-12-06_10:00:00;169131.6318
2027-12-06_11:00:00;170948.9281
2027-12-06_12:00:00;167159.0854
2027-12-06_13:00:00;170372.3497
2027-12-06_14:00:00;166003.0577
2027-12-06_15:00:00;161489.5369
2027-12-06_16:00:00;166959.9156
2027-12-06_17:00:00;171583.5385
2027-12-06_18:00:00;170619.0706
2027-12-06_19:00:00;165780.7058
2027-12-06_20:00:00;158768.5071
2027-12-06_21:00:00;150366.5455
2027-12-06_22:00:00;139966.0403
2027-12-06_23:00:00;132801.3913
2027-12-07_00:00:00;127947.9602
2027-12-07_01:00:00;130020.1001
2027-12-07_02:00:00;123889.2658
2027-12-07_03:00:00;124966.9547
2027-12-07_04:00:00;132786.9752
2027-12-07_05:00:00;139030.2065
2027-12-07_06:00:00;152948.7706
2027-12-07_07:00:00;162992.7044
2027-12-07_08:00:00;167425.8676
2027-12-07_09:00:00;166933.3172
2027-12-07_10:00:00;169448.2959
2027-12-07_11:00:00;170732.8654
2027-12-07_12:00:00;169880.7145
2027-12-07_13:00:00;167617.2626
2027-12-07_14:00:00;164319.7382
2027-12-07_15:00:00;162902.1358
2027-12-07_16:00:00;167794.6529
2027-12-07_17:00:00;170717.3789
2027-12-07_18:00:00;171739.7130
2027-12-07_19:00:00;168790.9158
2027-12-07_20:00:00;160760.0607
2027-12-07_21:00:00;152871.9176
2027-12-07_22:00:00;144158.9304
2027-12-07_23:00:00;134418.9133
2027-12-08_00:00:00;131615.9751
2027-12-08_01:00:00;127542.3591
2027-12-08_02:00:00;124705.4462
2027-12-08_03:00:00;125551.3722
2027-12-08_04:00:00;130236.1246
2027-12-08_05:00:00;140158.6647
2027-12-08_06:00:00;158233.0385
2027-12-08_07:00:00;170534.9501
2027-12-08_08:00:00;175737.0880
2027-12-08_09:00:00;174665.8034
2027-12-08_10:00:00;175528.1919
2027-12-08_11:00:00;175421.5168
2027-12-08_12:00:00;174447.8462
2027-12-08_13:00:00;174132.4341
2027-12-08_14:00:00;172264.6013
2027-12-08_15:00:00;172597.3933
2027-12-08_16:00:00;175817.3161
2027-12-08_17:00:00;179997.7110
2027-12-08_18:00:00;177068.5062
2027-12-08_19:00:00;173190.9146
2027-12-08_20:00:00;166369.4402
2027-12-08_21:00:00;158771.0181
2027-12-08_22:00:00;148586.4116
2027-12-08_23:00:00;139551.9867
2027-12-09_00:00:00;133114.5507
2027-12-09_01:00:00;128759.4504
2027-12-09_02:00:00;125882.6286
2027-12-09_03:00:00;125712.3751
2027-12-09_04:00:00;128514.6274
2027-12-09_05:00:00;136012.6305
2027-12-09_06:00:00;151622.4828
2027-12-09_07:00:00;163101.2603
2027-12-09_08:00:00;166109.0492
2027-12-09_09:00:00;166045.1403
2027-12-09_10:00:00;166573.5332
2027-12-09_11:00:00;167682.0263
2027-12-09_12:00:00;165792.4414
2027-12-09_13:00:00;165351.7503
2027-12-09_14:00:00;162310.4703
2027-12-09_15:00:00;161470.7994
2027-12-09_16:00:00;166397.3899
2027-12-09_17:00:00;170086.2400
2027-12-09_18:00:00;166684.8159
2027-12-09_19:00:00;163337.0796
2027-12-09_20:00:00;158770.1167
2027-12-09_21:00:00;150953.6050
2027-12-09_22:00:00;143705.5230
2027-12-09_23:00:00;134564.0265
2027-12-10_00:00:00;127133.0612
2027-12-10_01:00:00;121712.2727
2027-12-10_02:00:00;119284.6156
2027-12-10_03:00:00;119120.0222
2027-12-10_04:00:00;124569.4768
2027-12-10_05:00:00;131100.3570
2027-12-10_06:00:00;150156.2055
2027-12-10_07:00:00;164670.7407
2027-12-10_08:00:00;171130.4263
2027-12-10_09:00:00;169830.6766
2027-12-10_10:00:00;170104.7442
2027-12-10_11:00:00;170594.8942
2027-12-10_12:00:00;169595.1185
2027-12-10_13:00:00;166183.8073
2027-12-10_14:00:00;162039.5332
2027-12-10_15:00:00;161180.9629
2027-12-10_16:00:00;165450.8504
2027-12-10_17:00:00;169192.0252
2027-12-10_18:00:00;165066.0615
2027-12-10_19:00:00;161414.2794
2027-12-10_20:00:00;153432.9951
2027-12-10_21:00:00;144248.7495
2027-12-10_22:00:00;138486.6648
2027-12-10_23:00:00;131793.8568
2027-12-11_00:00:00;124792.1815
2027-12-11_01:00:00;120773.2849
2027-12-11_02:00:00;118703.1401
2027-12-11_03:00:00;118085.9605
2027-12-11_04:00:00;118897.6745
2027-12-11_05:00:00;122295.2705
2027-12-11_06:00:00;127460.6287
2027-12-11_07:00:00;134622.4493
2027-12-11_08:00:00;139435.0077
2027-12-11_09:00:00;144553.8299
2027-12-11_10:00:00;146119.1507
2027-12-11_11:00:00;147854.1832
2027-12-11_12:00:00;145317.4788
2027-12-11_13:00:00;141257.6360
2027-12-11_14:00:00;137892.2131
2027-12-11_15:00:00;137804.2726
2027-12-11_16:00:00;142301.1531
2027-12-11_17:00:00;150250.2961
2027-12-11_18:00:00;146657.2691
2027-12-11_19:00:00;141273.6793
2027-12-11_20:00:00;134111.3541
2027-12-11_21:00:00;126807.8097
2027-12-11_22:00:00;123128.3666
2027-12-11_23:00:00;116599.1628
2027-12-12_00:00:00;112169.2717
2027-12-12_01:00:00;109652.1723
2027-12-12_02:00:00;110462.2396
2027-12-12_03:00:00;109564.7061
2027-12-12_04:00:00;112243.3313
2027-12-12_05:00:00;118940.7379
2027-12-12_06:00:00;121794.5335
2027-12-12_07:00:00;125196.9784
2027-12-12_08:00:00;131601.4753
2027-12-12_09:00:00;138754.8687
2027-12-12_10:00:00;143323.7644
2027-12-12_11:00:00;149288.6401
2027-12-12_12:00:00;147982.6490
2027-12-12_13:00:00;144591.6642
2027-12-12_14:00:00;142273.8548
2027-12-12_15:00:00;141963.2469
2027-12-12_16:00:00;145893.8973
2027-12-12_17:00:00;148190.8392
2027-12-12_18:00:00;147992.4642
2027-12-12_19:00:00;145015.7918
2027-12-12_20:00:00;140266.4128
2027-12-12_21:00:00;136202.4677
2027-12-12_22:00:00;132783.5376
2027-12-12_23:00:00;123630.2195
2027-12-13_00:00:00;123702.3023
2027-12-13_01:00:00;120108.5331
2027-12-13_02:00:00;116542.9108
2027-12-13_03:00:00;116290.7913
2027-12-13_04:00:00;123105.6679
2027-12-13_05:00:00;133066.3586
2027-12-13_06:00:00;152892.1199
2027-12-13_07:00:00;167208.9753
2027-12-13_08:00:00;168104.7861
2027-12-13_09:00:00;169354.0750
2027-12-13_10:00:00;169926.9270
2027-12-13_11:00:00;171917.3526
2027-12-13_12:00:00;167851.3290
2027-12-13_13:00:00;167066.6128
2027-12-13_14:00:00;165501.7294
2027-12-13_15:00:00;164660.5546
2027-12-13_16:00:00;166305.4537
2027-12-13_17:00:00;170458.2223
2027-12-13_18:00:00;168489.2837
2027-12-13_19:00:00;164532.6581
2027-12-13_20:00:00;155329.0260
2027-12-13_21:00:00;146390.2088
2027-12-13_22:00:00;138365.8946
2027-12-13_23:00:00;131454.1512
2027-12-14_00:00:00;126259.6901
2027-12-14_01:00:00;120762.1171
2027-12-14_02:00:00;119010.7440
2027-12-14_03:00:00;120408.0374
2027-12-14_04:00:00;124394.2750
2027-12-14_05:00:00;131481.1685
2027-12-14_06:00:00;155536.9247
2027-12-14_07:00:00;164487.3723
2027-12-14_08:00:00;170026.4465
2027-12-14_09:00:00;169546.5850
2027-12-14_10:00:00;170257.6196
2027-12-14_11:00:00;169037.5632
2027-12-14_12:00:00;168377.0628
2027-12-14_13:00:00;167635.6888
2027-12-14_14:00:00;163501.1644
2027-12-14_15:00:00;162683.8496
2027-12-14_16:00:00;168194.9487
2027-12-14_17:00:00;173013.2513
2027-12-14_18:00:00;170114.7994
2027-12-14_19:00:00;167668.0483
2027-12-14_20:00:00;159086.6102
2027-12-14_21:00:00;149087.2762
2027-12-14_22:00:00;138150.5197
2027-12-14_23:00:00;126304.8082
2027-12-15_00:00:00;118177.3688
2027-12-15_01:00:00;114191.5564
2027-12-15_02:00:00;111948.4833
2027-12-15_03:00:00;110590.9707
2027-12-15_04:00:00;114219.8744
2027-12-15_05:00:00;125198.7567
2027-12-15_06:00:00;144767.6665
2027-12-15_07:00:00;159073.7497
2027-12-15_08:00:00;165288.4327
2027-12-15_09:00:00;165561.7901
2027-12-15_10:00:00;165174.4473
2027-12-15_11:00:00;163982.7866
2027-12-15_12:00:00;162162.5783
2027-12-15_13:00:00;159881.3084
2027-12-15_14:00:00;160179.2535
2027-12-15_15:00:00;159779.0472
2027-12-15_16:00:00;162503.5346
2027-12-15_17:00:00;167361.6140
2027-12-15_18:00:00;167528.9397
2027-12-15_19:00:00;164283.1259
2027-12-15_20:00:00;156442.7663
2027-12-15_21:00:00;146145.2291
2027-12-15_22:00:00;136251.5574
2027-12-15_23:00:00;126087.3611
2027-12-16_00:00:00;120212.3983
2027-12-16_01:00:00;117850.2181
2027-12-16_02:00:00;116864.8042
2027-12-16_03:00:00;116250.6737
2027-12-16_04:00:00;120557.4090
2027-12-16_05:00:00;128575.0170
2027-12-16_06:00:00;150391.7445
2027-12-16_07:00:00;164723.2598
2027-12-16_08:00:00;170829.2725
2027-12-16_09:00:00;170598.9125
2027-12-16_10:00:00;173486.7191
2027-12-16_11:00:00;173898.8490
2027-12-16_12:00:00;170615.3422
2027-12-16_13:00:00;169476.6245
2027-12-16_14:00:00;169358.2928
2027-12-16_15:00:00;169689.5484
2027-12-16_16:00:00;173112.2534
2027-12-16_17:00:00;180990.0707
2027-12-16_18:00:00;178036.3625
2027-12-16_19:00:00;172069.3259
2027-12-16_20:00:00;163073.1652
2027-12-16_21:00:00;153308.7597
2027-12-16_22:00:00;142284.4363
2027-12-16_23:00:00;131027.5530
2027-12-17_00:00:00;124017.5506
2027-12-17_01:00:00;120396.5191
2027-12-17_02:00:00;119433.8149
2027-12-17_03:00:00;119270.8750
2027-12-17_04:00:00;123432.0493
2027-12-17_05:00:00;133937.7060
2027-12-17_06:00:00;155766.2783
2027-12-17_07:00:00;168312.0852
2027-12-17_08:00:00;172982.0271
2027-12-17_09:00:00;174243.1670
2027-12-17_10:00:00;174476.4235
2027-12-17_11:00:00;172276.8798
2027-12-17_12:00:00;169167.4522
2027-12-17_13:00:00;166514.0151
2027-12-17_14:00:00;163648.7553
2027-12-17_15:00:00;161678.4149
2027-12-17_16:00:00;166127.7256
2027-12-17_17:00:00;167510.6156
2027-12-17_18:00:00;165564.6605
2027-12-17_19:00:00;164029.1850
2027-12-17_20:00:00;157260.6970
2027-12-17_21:00:00;145393.6407
2027-12-17_22:00:00;140054.5048
2027-12-17_23:00:00;129662.6681
2027-12-18_00:00:00;126093.7205
2027-12-18_01:00:00;122550.3945
2027-12-18_02:00:00;116539.4930
2027-12-18_03:00:00;116802.3993
2027-12-18_04:00:00;118078.8818
2027-12-18_05:00:00;119606.7747
2027-12-18_06:00:00;126811.1440
2027-12-18_07:00:00;134035.8460
2027-12-18_08:00:00;142356.9780
2027-12-18_09:00:00;150029.4443
2027-12-18_10:00:00;153677.4339
2027-12-18_11:00:00;155190.6177
2027-12-18_12:00:00;154172.8960
2027-12-18_13:00:00;150272.3907
2027-12-18_14:00:00;146967.0234
2027-12-18_15:00:00;146717.0271
2027-12-18_16:00:00;150889.1353
2027-12-18_17:00:00;158622.3910
2027-12-18_18:00:00;157345.3114
2027-12-18_19:00:00;153408.2147
2027-12-18_20:00:00;146675.0202
2027-12-18_21:00:00;139824.8195
2027-12-18_22:00:00;137361.3513
2027-12-18_23:00:00;128598.3701
2027-12-19_00:00:00;125252.3223
2027-12-19_01:00:00;122114.0254
2027-12-19_02:00:00;119887.4677
2027-12-19_03:00:00;118608.5340
2027-12-19_04:00:00;117680.6226
2027-12-19_05:00:00;119633.9490
2027-12-19_06:00:00;123027.0387
2027-12-19_07:00:00;126926.9843
2027-12-19_08:00:00;132557.6949
2027-12-19_09:00:00;137357.6519
2027-12-19_10:00:00;142923.3367
2027-12-19_11:00:00;147206.4713
2027-12-19_12:00:00;146664.3889
2027-12-19_13:00:00;141517.4012
2027-12-19_14:00:00;139759.8470
2027-12-19_15:00:00;139805.4350
2027-12-19_16:00:00;143747.9100
2027-12-19_17:00:00;150741.9003
2027-12-19_18:00:00;151251.6783
2027-12-19_19:00:00;147317.6584
2027-12-19_20:00:00;142566.8950
2027-12-19_21:00:00;135551.8925
2027-12-19_22:00:00;131675.7066
2027-12-19_23:00:00;124721.5068
2027-12-20_00:00:00;115764.6891
2027-12-20_01:00:00;112480.5092
2027-12-20_02:00:00;110466.8194
2027-12-20_03:00:00;113259.1944
2027-12-20_04:00:00;117377.2509
2027-12-20_05:00:00;127846.9805
2027-12-20_06:00:00;149551.4464
2027-12-20_07:00:00;160366.5675
2027-12-20_08:00:00;166987.9575
2027-12-20_09:00:00;169110.1205
2027-12-20_10:00:00;169276.8759
2027-12-20_11:00:00;169897.4517
2027-12-20_12:00:00;168204.0529
2027-12-20_13:00:00;167373.6476
2027-12-20_14:00:00;164787.7030
2027-12-20_15:00:00;166215.7020
2027-12-20_16:00:00;174163.3823
2027-12-20_17:00:00;175443.7181
2027-12-20_18:00:00;174714.7070
2027-12-20_19:00:00;169720.7867
2027-12-20_20:00:00;159911.1979
2027-12-20_21:00:00;148854.2886
2027-12-20_22:00:00;140496.9656
2027-12-20_23:00:00;126655.5448
2027-12-21_00:00:00;121927.0818
2027-12-21_01:00:00;117726.8292
2027-12-21_02:00:00;117695.0402
2027-12-21_03:00:00;115411.4529
2027-12-21_04:00:00;120632.3920
2027-12-21_05:00:00;129257.3365
2027-12-21_06:00:00;150723.9250
2027-12-21_07:00:00;164286.4615
2027-12-21_08:00:00;170912.7105
2027-12-21_09:00:00;174456.1532
2027-12-21_10:00:00;176783.9968
2027-12-21_11:00:00;174090.2277
2027-12-21_12:00:00;172107.3829
2027-12-21_13:00:00;172627.5967
2027-12-21_14:00:00;168153.4653
2027-12-21_15:00:00;167104.2963
2027-12-21_16:00:00;173307.2865
2027-12-21_17:00:00;178297.8230
2027-12-21_18:00:00;174822.1860
2027-12-21_19:00:00;170590.0939
2027-12-21_20:00:00;161372.4657
2027-12-21_21:00:00;151181.5448
2027-12-21_22:00:00;140043.9941
2027-12-21_23:00:00;129635.2132
2027-12-22_00:00:00;125623.3915
2027-12-22_01:00:00;121401.3414
2027-12-22_02:00:00;117464.9453
2027-12-22_03:00:00;117431.4372
2027-12-22_04:00:00;121197.7785
2027-12-22_05:00:00;128045.7275
2027-12-22_06:00:00;147044.5016
2027-12-22_07:00:00;163755.0880
2027-12-22_08:00:00;174001.4924
2027-12-22_09:00:00;172326.5383
2027-12-22_10:00:00;172353.8147
2027-12-22_11:00:00;172129.7578
2027-12-22_12:00:00;170918.9098
2027-12-22_13:00:00;170284.2938
2027-12-22_14:00:00;167974.1355
2027-12-22_15:00:00;166920.6854
2027-12-22_16:00:00;171504.8116
2027-12-22_17:00:00;177063.4364
2027-12-22_18:00:00;172654.2154
2027-12-22_19:00:00;165984.8162
2027-12-22_20:00:00;157729.1501
2027-12-22_21:00:00;148958.0455
2027-12-22_22:00:00;141264.5888
2027-12-22_23:00:00;131393.0278
2027-12-23_00:00:00;123595.5981
2027-12-23_01:00:00;118753.7625
2027-12-23_02:00:00;117898.2904
2027-12-23_03:00:00;117936.1539
2027-12-23_04:00:00;119280.6530
2027-12-23_05:00:00;130363.8256
2027-12-23_06:00:00;148874.7389
2027-12-23_07:00:00;163595.3115
2027-12-23_08:00:00;168690.4278
2027-12-23_09:00:00;170939.1218
2027-12-23_10:00:00;170009.2213
2027-12-23_11:00:00;168661.1772
2027-12-23_12:00:00;167996.6331
2027-12-23_13:00:00;164862.8909
2027-12-23_14:00:00;160760.7941
2027-12-23_15:00:00;160748.8943
2027-12-23_16:00:00;165977.3114
2027-12-23_17:00:00;170162.0879
2027-12-23_18:00:00;166010.7409
2027-12-23_19:00:00;162503.7555
2027-12-23_20:00:00;152603.9108
2027-12-23_21:00:00;143060.9923
2027-12-23_22:00:00;134828.8567
2027-12-23_23:00:00;125743.8781
2027-12-24_00:00:00;118775.0937
2027-12-24_01:00:00;114847.7615
2027-12-24_02:00:00;112322.6832
2027-12-24_03:00:00;111467.5413
2027-12-24_04:00:00;113717.9951
2027-12-24_05:00:00;118065.1911
2027-12-24_06:00:00;129326.1552
2027-12-24_07:00:00;140787.8923
2027-12-24_08:00:00;148859.4973
2027-12-24_09:00:00;152237.6904
2027-12-24_10:00:00;153582.7811
2027-12-24_11:00:00;152559.5107
2027-12-24_12:00:00;150449.6599
2027-12-24_13:00:00;147448.8369
2027-12-24_14:00:00;144275.0424
2027-12-24_15:00:00;144653.7066
2027-12-24_16:00:00;149879.7493
2027-12-24_17:00:00;155259.6080
2027-12-24_18:00:00;153245.1365
2027-12-24_19:00:00;148390.1116
2027-12-24_20:00:00;140974.9179
2027-12-24_21:00:00;134205.9141
2027-12-24_22:00:00;128237.4965
2027-12-24_23:00:00;120895.0386
2027-12-25_00:00:00;110012.2230
2027-12-25_01:00:00;105616.5418
2027-12-25_02:00:00;102286.0714
2027-12-25_03:00:00;102044.0661
2027-12-25_04:00:00;102879.6000
2027-12-25_05:00:00;104638.7753
2027-12-25_06:00:00;109689.3707
2027-12-25_07:00:00;117580.8782
2027-12-25_08:00:00;125882.5259
2027-12-25_09:00:00;132161.7459
2027-12-25_10:00:00;133520.4826
2027-12-25_11:00:00;134849.8982
2027-12-25_12:00:00;133994.2838
2027-12-25_13:00:00;132725.9426
2027-12-25_14:00:00;130062.8191
2027-12-25_15:00:00;130464.1883
2027-12-25_16:00:00;134180.5054
2027-12-25_17:00:00;139557.2611
2027-12-25_18:00:00;133716.3413
2027-12-25_19:00:00;126212.6742
2027-12-25_20:00:00;121763.4804
2027-12-25_21:00:00;119848.0753
2027-12-25_22:00:00;118013.6579
2027-12-25_23:00:00;111744.0018
2027-12-26_00:00:00;105929.5366
2027-12-26_01:00:00;101637.5876
2027-12-26_02:00:00;98348.6801
2027-12-26_03:00:00;97092.8593
2027-12-26_04:00:00;97970.2394
2027-12-26_05:00:00;100267.6187
2027-12-26_06:00:00;102724.9014
2027-12-26_07:00:00;106986.6688
2027-12-26_08:00:00;112985.5339
2027-12-26_09:00:00;121609.8402
2027-12-26_10:00:00;128154.9419
2027-12-26_11:00:00;132121.3605
2027-12-26_12:00:00;127975.0729
2027-12-26_13:00:00;121133.8131
2027-12-26_14:00:00;119302.8295
2027-12-26_15:00:00;118247.5831
2027-12-26_16:00:00;121893.3406
2027-12-26_17:00:00;126148.4542
2027-12-26_18:00:00;126537.4467
2027-12-26_19:00:00;125807.2881
2027-12-26_20:00:00;121070.7594
2027-12-26_21:00:00;116831.1116
2027-12-26_22:00:00;113148.6635
2027-12-26_23:00:00;105919.1926
2027-12-27_00:00:00;98754.3980
2027-12-27_01:00:00;96682.0274
2027-12-27_02:00:00;95809.6387
2027-12-27_03:00:00;96897.1927
2027-12-27_04:00:00;98264.0794
2027-12-27_05:00:00;101842.4632
2027-12-27_06:00:00;103008.7215
2027-12-27_07:00:00;107135.4230
2027-12-27_08:00:00;113989.2884
2027-12-27_09:00:00;120436.3122
2027-12-27_10:00:00;124354.1450
2027-12-27_11:00:00;128009.8989
2027-12-27_12:00:00;125544.3970
2027-12-27_13:00:00;122284.7299
2027-12-27_14:00:00;120649.4003
2027-12-27_15:00:00;119303.0591
2027-12-27_16:00:00;123701.0701
2027-12-27_17:00:00;129249.3821
2027-12-27_18:00:00;130476.5951
2027-12-27_19:00:00;128435.5444
2027-12-27_20:00:00;123716.8792
2027-12-27_21:00:00;121881.5838
2027-12-27_22:00:00;117969.8849
2027-12-27_23:00:00;111495.6861
2027-12-28_00:00:00;107382.0327
2027-12-28_01:00:00;103210.1188
2027-12-28_02:00:00;102914.7651
2027-12-28_03:00:00;102396.7865
2027-12-28_04:00:00;106197.7126
2027-12-28_05:00:00;112862.3089
2027-12-28_06:00:00;122577.2088
2027-12-28_07:00:00;130184.9374
2027-12-28_08:00:00;136313.0416
2027-12-28_09:00:00;140762.1320
2027-12-28_10:00:00;141517.2516
2027-12-28_11:00:00;143189.3962
2027-12-28_12:00:00;143289.2529
2027-12-28_13:00:00;142977.1086
2027-12-28_14:00:00;139416.1503
2027-12-28_15:00:00;139329.0066
2027-12-28_16:00:00;141412.4571
2027-12-28_17:00:00;144454.5673
2027-12-28_18:00:00;143291.8302
2027-12-28_19:00:00;138671.1356
2027-12-28_20:00:00;133609.9724
2027-12-28_21:00:00;128506.5286
2027-12-28_22:00:00;124441.3916
2027-12-28_23:00:00;112421.6253
2027-12-29_00:00:00;107356.3139
2027-12-29_01:00:00;103360.4224
2027-12-29_02:00:00;101324.6390
2027-12-29_03:00:00;101841.7930
2027-12-29_04:00:00;105642.1254
2027-12-29_05:00:00;110123.3235
2027-12-29_06:00:00;117333.7423
2027-12-29_07:00:00;123818.9534
2027-12-29_08:00:00;129977.5821
2027-12-29_09:00:00;134124.2033
2027-12-29_10:00:00;135829.8596
2027-12-29_11:00:00;137621.2115
2027-12-29_12:00:00;136790.1603
2027-12-29_13:00:00;134292.3127
2027-12-29_14:00:00;132104.3037
2027-12-29_15:00:00;131355.9631
2027-12-29_16:00:00;134082.2027
2027-12-29_17:00:00;138791.4543
2027-12-29_18:00:00;138686.3803
2027-12-29_19:00:00;137573.8501
2027-12-29_20:00:00;128655.2507
2027-12-29_21:00:00;124215.9463
2027-12-29_22:00:00;118454.9767
2027-12-29_23:00:00;110044.0935
2027-12-30_00:00:00;104961.3800
2027-12-30_01:00:00;102130.4148
2027-12-30_02:00:00;102127.2306
2027-12-30_03:00:00;100218.7716
2027-12-30_04:00:00;101961.9123
2027-12-30_05:00:00;108023.3070
2027-12-30_06:00:00;114950.8608
2027-12-30_07:00:00;124004.4413
2027-12-30_08:00:00;130278.8664
2027-12-30_09:00:00;134539.9250
2027-12-30_10:00:00;135611.0969
2027-12-30_11:00:00;136212.3238
2027-12-30_12:00:00;136954.4954
2027-12-30_13:00:00;135480.5982
2027-12-30_14:00:00;134953.6848
2027-12-30_15:00:00;133672.0310
2027-12-30_16:00:00;139289.2322
2027-12-30_17:00:00;146068.5139
2027-12-30_18:00:00;146111.2628
2027-12-30_19:00:00;142568.9593
2027-12-30_20:00:00;133757.1208
2027-12-30_21:00:00;129859.1446
2027-12-30_22:00:00;121790.3056
2027-12-30_23:00:00;113677.8119
2027-12-31_00:00:00;109077.1678
2027-12-31_01:00:00;105538.3803
2027-12-31_02:00:00;100574.9274
2027-12-31_03:00:00;99338.6666
2027-12-31_04:00:00;102434.1952
2027-12-31_05:00:00;109598.0852
2027-12-31_06:00:00;117603.4411
2027-12-31_07:00:00;128158.6107
2027-12-31_08:00:00;132387.8195
2027-12-31_09:00:00;137899.6210
2027-12-31_10:00:00;139254.7518
2027-12-31_11:00:00;139778.0934
2027-12-31_12:00:00;137213.7098
2027-12-31_13:00:00;135333.8156
2027-12-31_14:00:00;134340.0114
2027-12-31_15:00:00;132687.7514
2027-12-31_16:00:00;137608.9313
2027-12-31_17:00:00;145785.7486
2027-12-31_18:00:00;143707.6033
2027-12-31_19:00:00;139718.6514
2027-12-31_20:00:00;130193.0879
2027-12-31_21:00:00;123475.2239
2027-12-31_22:00:00;117811.8684
2027-12-31_23:00:00;110652.6340
